-89.8	-193.1	1.9
-92.4	-197.6	2.8
-96.5	-204.4	2.5
-103.7	-216.7	3.4
-108.2	-224.4	3.3
-123.5	-250.2	3.4
-129.1	-259.8	3.7
-135.6	-270.9	3.6
-141.8	-281.4	4.2
-148.9	-293.4	4.6
-156.5	-306.4	5.1
-164.7	-320.1	5.8
-174.8	-337.4	5.9
-184.5	-353.7	6.9
-198.1	-376.9	6.4
-58.3	-132.2	-0.2
-59.6	-134.4	0.8
-61.8	-137.8	0.6
-63.6	-140.6	1.2
-66.2	-144.7	0.5
-68.1	-147.6	1.3
-70.2	-151.1	1.5
-73.3	-155.9	0.5
-75.2	-158.8	1.6
-80.6	-167.3	1.7
-83.4	-171.7	1.9
-86.6	-176.8	1.8
-89.8	-181.8	1.8
-92.6	-186.2	2.5
-96.4	-192.1	2.3
-100.1	-198.1	2.4
-108.7	-211.5	2.1
-113.1	-218.3	2.4
-122.8	-233.5	2.8
-134.1	-251.3	3.1
-147.4	-272.4	3.3
-154.5	-283.3	3.8
-161.6	-294.4	4.8
-170.7	-308.7	4.9
-179.8	-323.1	5.6
-202.9	-359.4	6.3
-216.8	-381.2	6.6
-61.9	-130.9	0.6
-63.8	-133.7	1.1
-66.4	-137.6	0.2
-68.4	-140.4	0.8
-71.1	-144.4	0.2
-75.4	-150.6	1.3
-78.2	-154.7	1.1
-80.2	-157.6	2.2
-89.8	-171.5	1.5
-96.1	-180.8	2.1
-100.1	-186.6	1.9
-103.1	-190.9	2.8
-107.5	-197.4	2.5
-111.5	-203.2	2.8
-116.5	-210.6	2.4
-120.6	-216.5	3.3
-132.4	-233.7	2.6
-137.6	-241.2	3.4
-144.4	-251.1	3.3
-151.7	-261.8	3.2
-184.6	-309.7	5.2
-194.8	-324.6	5.9
-208.4	-344.3	5.5
-220.9	-362.5	6.4
-66.4	-130.6	0.1
-68.4	-133.4	0.6
-70.7	-136.6	0.5
-73.2	-139.9	0.5
-75.2	-142.6	1.3
-78.2	-146.6	0.8
-80.7	-149.9	1.2
-86.2	-157.4	1.6
-89.7	-162.2	1.1
-92.2	-165.6	1.9
-95.8	-170.4	1.8
-107.1	-185.8	1.8
-115.5	-197.2	2.1
-120.3	-203.6	2.1
-124.5	-209.3	2.8
-129.3	-215.9	3.3
-135.3	-223.9	3.2
-142.3	-233.4	2.6
-148.3	-241.5	3.1
-155.4	-251.1	3.2
-163.1	-261.6	3.3
-170.3	-271.4	4.2
-179.2	-283.5	4.5
-188.7	-296.3	4.9
-211.3	-326.9	5.7
-225.5	-346.2	5.7
-70.9	-130.2	-0.3
-75.1	-135.4	0.8
-77.6	-138.6	0.9
-83.3	-145.7	0.7
-85.4	-148.5	1.7
-91.2	-155.8	2.2
-94.9	-160.4	1.8
-105.5	-173.9	2.1
-109.3	-178.6	2.4
-114.2	-184.9	1.8
-122.5	-195.2	2.8
-127.4	-201.5	2.9
-132.5	-207.9	3.3
-139.1	-216.3	2.6
-152.2	-232.7	2.6
-158.5	-240.6	3.3
-165.9	-250.1	3.6
-193.3	-284.6	4.2
-202.6	-296.4	5.2
-228.7	-329.3	5.5
-77.2	-131.5	0.5
-79.9	-134.6	0.5
-82.5	-137.8	0.6
-84.7	-140.5	1.5
-88.4	-144.8	0.5
-90.2	-146.8	2.3
-97.7	-155.7	1.1
-100.5	-159.1	1.9
-104.4	-163.6	1.8
-108.3	-168.2	1.8
-116.2	-177.5	2.3
-120.7	-182.9	2.4
-125.3	-188.2	2.6
-136.3	-201.1	2.4
-148.6	-215.6	2.3
-155.1	-223.2	2.6
-169.4	-240.1	3.2
-186.8	-260.6	3.5
-195.4	-270.7	4.5
-206.4	-283.5	4.6
-217.4	-296.6	5.3
-230.3	-311.8	5.7
-84.2	-133.1	0.9
-87.4	-136.8	0.4
-90.3	-139.8	0.7
-93.1	-142.9	1.1
-99.4	-149.8	1.6
-103.3	-154.2	1.2
-114.5	-166.3	2.1
-119.1	-171.5	1.9
-133.3	-187.1	2.3
-137.6	-191.7	3.4
-144.7	-199.6	2.4
-157.6	-213.7	2.6
-171.8	-229.3	3.3
-181.2	-239.6	2.8
-188.6	-247.8	3.9
-198.8	-258.9	3.9
-208.2	-269.3	4.8
-88.5	-131.4	1.3
-91.9	-134.9	0.8
-94.8	-137.9	1.2
-97.8	-140.9	1.6
-104.9	-148.2	1.7
-125.9	-169.8	1.8
-130.8	-174.8	1.9
-135.2	-179.3	2.6
-141.3	-185.6	2.1
-146.4	-190.7	2.8
-152.7	-197.2	2.9
-159.6	-204.3	2.8
-174.3	-219.4	3.1
-192.4	-237.9	2.9
-210.7	-256.8	4.5
-221.8	-268.2	4.9
-234.4	-281.1	5.3
-96.3	-132.9	1.3
-99.9	-136.3	1.1
-102.9	-139.3	1.6
-110.3	-146.3	1.8
-115.8	-151.5	0.4
-118.9	-154.6	1.5
-123.3	-158.8	1.6
-128.4	-163.6	1.3
-132.2	-167.2	2.3
-138.5	-173.4	1.5
-142.4	-177.1	2.8
-148.8	-183.3	2.4
-154.6	-188.8	2.8
-161.8	-195.6	2.6
-184.9	-217.9	2.9
-202.3	-234.5	3.9
-213.2	-244.9	3.9
-249.4	-279.5	5.6
-101.9	-131.8	0.5
-108.2	-137.4	1.6
-112.5	-141.3	1.1
-116.4	-144.7	1.4
-120.9	-148.7	1.2
-125.4	-152.7	1.2
-129.9	-156.8	1.4
-135.7	-162.1	0.8
-150.9	-175.7	2.1
-169.7	-192.5	3.2
-178.6	-200.3	2.6
-185.4	-206.5	3.5
-194.4	-214.4	3.6
-204.7	-223.7	3.3
-213.8	-231.9	4.2
-225.6	-242.4	4.1
-237.6	-253.1	4.6
-251.7	-265.8	4.7
-106.2	-129.3	1.1
-113.4	-135.2	1.6
-127.1	-146.7	0.9
-141.2	-158.5	1.8
-152.1	-167.6	2.3
-164.4	-177.9	2.8
-172.1	-184.3	2.6
-188.2	-197.7	2.6
-195.2	-203.6	3.7
-205.1	-211.9	3.6
-215.8	-220.9	3.5
-225.9	-229.2	4.3
-238.9	-240.1	4.2
-251.3	-250.4	4.9
-100.6	-118.9	0.6
-103.3	-121.1	1.5
-110.5	-126.7	1.6
-119.2	-133.5	1.1
-122.6	-136.1	1.9
-128.5	-140.7	0.6
-133.3	-144.4	0.7
-138.2	-148.3	0.9
-147.9	-155.8	1.9
-154.1	-160.7	1.6
-159.8	-165.1	2.1
-166.9	-170.6	1.9
-181.1	-181.6	2.3
-189.1	-187.9	2.6
-206.5	-201.4	3.2
-216.7	-209.4	3.3
-238.1	-226.1	4.5
-250.8	-235.9	4.9
-105.2	-116.9	0.4
-108.6	-119.4	0.7
-119.5	-127.4	1.6
-134.7	-138.3	0.4
-138.2	-140.9	1.6
-144.6	-145.5	0.8
-149.6	-149.1	1.3
-155.3	-153.3	1.5
-166.8	-161.6	2.4
-174.1	-166.9	2.4
-181.5	-172.2	2.6
-189.5	-178.1	2.6
-198.4	-184.5	2.6
-206.5	-190.5	3.3
-217.8	-198.7	2.8
-227.6	-205.7	3.5
-239.7	-214.5	3.6
-252.6	-223.9	3.8
-105.1	-111.5	1.3
-109.1	-114.3	0.8
-125.8	-125.5	0.5
-130.8	-128.9	0.2
-134.4	-131.3	1.2
-140.1	-135.2	0.7
-145.2	-138.6	0.9
-161.3	-149.4	2.1
-167.9	-153.9	2.1
-174.5	-158.4	2.4
-181.3	-162.9	2.9
-191.1	-169.5	1.9
-198.6	-174.6	2.6
-207.7	-180.8	2.7
-216.9	-187.1	3.2
-228.4	-194.8	2.9
-240.1	-202.6	3.1
-251.7	-210.5	3.8
-103.2	-105.1	0.2
-106.7	-107.4	0.2
-110.1	-109.6	0.4
-117.9	-114.4	0.5
-126.5	-119.8	0.4
-130.9	-122.5	0.6
-140.3	-128.5	0.9
-144.8	-131.3	1.6
-151.4	-135.4	0.8
-156.7	-138.7	1.3
-168.6	-146.2	1.8
-183.1	-155.2	1.9
-189.9	-159.6	2.6
-199.2	-165.3	2.2
-207.8	-170.7	2.6
-228.9	-183.9	2.4
-239.9	-190.9	2.8
-251.8	-198.4	3.2
-103.9	-100.7	-0.1
-107.4	-102.8	-0.1
-109.7	-104.1	1.3
-115.3	-107.3	-0.4
-122.6	-111.6	0.4
-130.7	-116.3	1.1
-135.9	-119.2	0.8
-140.4	-121.9	1.2
-146.4	-125.3	0.7
-150.8	-127.9	1.4
-156.9	-131.5	1.3
-175.3	-142.1	2.1
-182.2	-146.1	2.4
-191.6	-151.6	1.5
-198.7	-155.6	2.3
-207.3	-160.7	2.6
-216.9	-166.1	2.7
-228.1	-172.7	2.4
-238.5	-178.7	2.9
-250.6	-185.7	3.1
-264.4	-193.7	3.1
-100.8	-94.3	-0.3
-103.7	-95.9	0.2
-106.7	-97.6	0.8
-122.1	-105.7	1.1
-127.3	-108.5	0.4
-131.7	-110.9	0.4
-136.2	-113.3	0.6
-141.5	-116.1	0.4
-146.1	-118.6	0.9
-152.2	-121.8	0.5
-157.6	-124.7	0.8
-175.5	-134.3	1.8
-183.4	-138.5	1.5
-189.8	-141.9	2.4
-198.5	-146.6	2.1
-208.2	-151.7	1.8
-217.1	-156.4	2.2
-227.6	-162.1	2.1
-238.2	-167.8	2.4
-251.4	-174.8	2.1
-262.1	-180.5	3.2
-99.9	-89.5	0.8
-107.8	-93.4	-0.1
-110.8	-94.9	0.5
-114.5	-96.7	0.6
-118.2	-98.5	0.8
-136.4	-107.4	0.5
-146.3	-112.3	0.6
-157.3	-117.7	0.9
-163.6	-120.8	0.8
-169.1	-123.5	1.3
-181.8	-129.8	2.1
-190.7	-134.1	1.4
-207.8	-142.5	1.5
-217.6	-147.3	1.3
-226.7	-151.8	1.9
-238.3	-157.4	1.7
-248.3	-162.4	2.6
-104.3	-87.2	-0.3
-106.7	-88.3	0.9
-111.8	-90.6	-0.4
-118.7	-93.7	0.4
-126.3	-97.2	1.1
-131.6	-99.5	0.4
-136.3	-101.6	0.4
-140.9	-103.8	0.6
-151.9	-108.6	0.4
-157.5	-111.2	0.5
-169.4	-116.5	0.8
-183.2	-122.7	0.9
-197.9	-129.3	1.5
-215.3	-137.1	1.8
-236.2	-146.5	1.7
-260.9	-157.5	1.7
-99.9	-81.3	0.4
-103.6	-82.7	0.1
-110.5	-85.6	0.5
-118.1	-88.7	0.6
-122.7	-90.5	0.2
-140.6	-97.8	0.5
-146.1	-100.1	0.2
-151.7	-102.4	0.1
-156.6	-104.3	0.7
-162.2	-106.7	0.9
-188.4	-117.3	1.6
-196.7	-120.8	1.4
-205.1	-124.1	1.5
-223.6	-131.7	1.7
-234.6	-136.2	1.5
-246.7	-141.2	1.3
-257.9	-145.7	1.8
-105.9	-79.5	1.1
-113.5	-82.4	0.8
-125.9	-86.9	0.7
-131.4	-88.9	-0.1
-140.2	-92.1	0.4
-160.3	-99.6	1.6
-168.5	-102.6	0.3
-173.5	-104.4	1.3
-188.4	-109.9	0.9
-195.2	-112.5	1.5
-223.2	-122.7	0.9
-243.9	-130.3	1.3
-256.9	-135.2	0.9
-100.1	-73.5	-0.5
-101.9	-74.1	1.1
-106.3	-75.5	0.1
-113.4	-77.9	0.5
-121.2	-80.4	0.6
-125.8	-81.9	0.2
-129.1	-83.1	1.2
-139.4	-86.4	0.4
-149.9	-89.9	0.2
-154.1	-91.3	1.2
-160.6	-93.4	0.7
-165.6	-95.1	1.4
-173.1	-97.5	0.8
-179.7	-99.7	0.8
-194.1	-104.5	1.2
-201.8	-107.1	1.4
-212.1	-110.4	0.6
-241.5	-120.2	1.1
-102.7	-70.5	-0.4
-105.2	-71.2	0.6
-109.1	-72.3	0.4
-116.2	-74.4	0.8
-120.9	-75.8	0.2
-143.3	-82.3	0.4
-147.5	-83.5	1.2
-171.5	-90.6	0.8
-177.5	-92.3	1.3
-185.9	-94.8	0.5
-191.9	-96.5	1.4
-201.4	-99.3	0.6
-218.7	-104.3	0.8
-229.2	-107.4	0.5
-250.4	-113.6	0.9
-100.7	-66.2	0.8
-104.6	-67.1	0.4
-108.5	-68.1	0.1
-111.7	-68.9	0.6
-115.6	-69.9	0.5
-118.9	-70.8	1.2
-132.5	-74.2	0.5
-158.1	-80.7	0.6
-163.9	-82.2	0.7
-169.8	-83.8	0.9
-176.5	-85.5	0.8
-191.1	-89.2	0.6
-198.1	-90.9	1.2
-215.5	-95.4	1.1
-236.7	-100.8	0.5
-245.6	-103.1	1.5
-100.1	-62.3	0.7
-103.9	-63.1	0.3
-107.1	-63.8	0.6
-111.8	-64.8	-0.3
-114.3	-65.3	0.9
-119.6	-66.6	-0.4
-135.3	-69.9	1.1
-150.2	-73.2	1.2
-156.8	-74.7	0.4
-161.1	-75.6	1.5
-173.8	-78.4	1.3
-196.2	-83.3	0.9
-204.9	-85.1	0.6
-223.4	-89.2	0.4
-232.4	-91.2	0.9
-102.3	-59.1	0.8
-106.9	-59.9	-0.2
-109.5	-60.4	0.8
-116.7	-61.7	1.2
-122.2	-62.7	-0.1
-125.6	-63.3	0.6
-129.7	-64.1	0.8
-148.6	-67.5	1.1
-154.5	-68.6	0.8
-160.4	-69.7	0.6
-165.5	-70.6	1.2
-172.4	-71.8	0.9
-186.2	-74.4	0.8
-193.2	-75.6	1.1
-201.1	-77.1	1.2
-218.8	-80.4	1.1
-230.4	-82.4	0.2
-239.4	-84.1	0.9
-117.1	-57.7	-0.4
-120.5	-58.1	0.2
-124.6	-58.8	0.2
-129.4	-59.5	-0.2
-137.8	-60.7	0.5
-164.8	-64.7	0.4
-169.1	-65.4	1.6
-176.9	-66.5	0.8
-199.5	-69.9	0.4
-216.4	-72.3	0.5
-225.4	-73.7	0.8
-236.2	-75.2	0.5
-100.2	-51.6	0.6
-104.8	-52.1	-0.5
-107.4	-52.4	0.4
-111.3	-52.8	0.1
-114.7	-53.3	0.6
-118.7	-53.7	0.5
-123.5	-54.2	-0.1
-126.9	-54.6	0.6
-131.8	-55.2	0.2
-150.3	-57.2	1.1
-161.3	-58.5	1.2
-181.2	-60.7	0.8
-194.3	-62.3	1.6
-204.9	-63.4	0.2
-221.9	-65.3	0.6
-231.9	-66.5	0.6
-241.9	-67.6	0.9
-254.7	-69.1	0.3
-102.1	-48.2	0.7
-106.1	-48.5	0.3
-113.3	-49.1	0.4
-117.4	-49.4	0.2
-120.7	-49.6	0.8
-126.3	-50.1	-0.4
-129.7	-50.3	0.4
-138.9	-51.1	0.5
-149.8	-51.9	-0.1
-153.3	-52.2	1.2
-166.1	-53.2	0.4
-178.3	-54.2	0.8
-185.3	-54.7	0.8
-193.1	-55.4	0.5
-104.6	-44.8	0.1
-111.9	-45.1	0.1
-120.7	-45.6	-0.8
-123.4	-45.7	0.5
-127.5	-45.9	0.6
-142.5	-46.5	-0.1
-151.8	-46.9	0.5
-182.1	-48.3	0.8
-189.2	-48.6	0.8
-205.1	-49.3	0.7
-233.1	-50.6	0.6
-255.1	-51.6	0.7
-100.5	-41.3	-0.9
-109.6	-41.3	0.6
-114.4	-41.5	-0.3
-117.7	-41.5	0.2
-122.5	-41.5	-0.4
-126.7	-41.5	-0.4
-130.1	-41.6	0.4
-135.8	-41.7	-0.5
-139.3	-41.7	0.5
-144.3	-41.8	0.4
-149.4	-41.8	0.4
-154.5	-41.8	0.6
-172.6	-42.1	0.5
-179.6	-42.2	0.3
-186.6	-42.3	0.3
-193.7	-42.3	0.5
-211.5	-42.5	-0.3
-238.8	-42.9	0.5
-104.8	-37.8	0.1
-108.7	-37.7	-0.2
-112.1	-37.6	0.1
-116.8	-37.5	-0.7
-119.4	-37.4	0.5
-124.3	-37.4	-0.1
-133.4	-37.1	-0.4
-141.8	-36.9	0.4
-146.9	-36.9	0.4
-176.1	-36.2	0.3
-182.3	-36.1	0.8
-198.2	-35.8	0.1
-206.2	-35.7	0.2
-215.2	-35.4	0.1
-223.3	-35.2	0.6
-234.2	-35.1	0.2
-245.2	-34.8	0.1
-103.7	-34.3	-0.7
-106.3	-34.2	0.3
-114.3	-33.7	-0.3
-117.6	-33.5	0.2
-122.4	-33.2	-0.4
-126.6	-33.1	-0.4
-130.7	-32.8	-0.2
-139.9	-32.3	-0.1
-167.2	-30.9	-0.1
-179.4	-30.2	0.3
-186.4	-29.9	0.3
-193.5	-29.5	0.5
-203.2	-28.9	-0.5
-210.4	-28.6	0.1
-219.4	-28.1	0.1
-250.4	-26.5	0.1
-105.6	-30.6	-1.3
-108.9	-30.3	-0.9
-111.5	-30.1	0.1
-119.6	-29.4	-0.1
-123.7	-29.1	-0.1
-127.1	-28.8	0.6
-132.8	-28.3	-0.4
-141.2	-27.5	0.4
-147.1	-27.1	-0.1
-151.4	-26.7	0.5
-158.2	-26.1	-0.3
-162.5	-25.7	0.6
-169.4	-25.2	0.1
-176.3	-24.5	-0.1
-181.6	-24.1	0.8
-190.3	-23.4	-0.1
-196.6	-22.8	0.6
-206.3	-21.9	-0.2
-214.4	-21.3	0.1
-223.4	-20.5	0.2
-234.3	-19.7	-0.2
-245.2	-18.7	-0.3
-101.7	-27.5	0.7
-106.3	-26.9	-0.4
-113.6	-26.1	-0.3
-117.6	-25.6	-0.4
-125.1	-24.7	0.2
-129.2	-24.2	0.4
-134.9	-23.6	-0.5
-139.1	-23.1	-0.1
-143.3	-22.5	0.4
-149.2	-21.8	-0.1
-152.7	-21.4	1.2
-159.4	-20.7	0.4
-165.4	-19.9	0.4
-180.1	-18.3	-0.7
-185.4	-17.7	0.3
-200.4	-15.9	0.4
-210.2	-14.7	-0.3
-218.2	-13.8	0.1
-103.6	-23.8	0.1
-106.8	-23.3	0.4
-111.4	-22.6	-0.5
-118.8	-21.5	-0.1
-122.8	-20.8	-0.1
-131.1	-19.6	0.2
-140.2	-18.3	0.4
-156.1	-15.9	0.2
-167.2	-14.2	0.7
-188.1	-11.1	0.3
-203.9	-8.7	0.2
-212.8	-7.3	0.1
-223.5	-5.7	-0.6
-232.5	-4.3	-0.2
-244.3	-2.6	-0.7
-101.9	-20.4	-0.7
-105.8	-19.7	-1.1
-107.7	-19.3	0.6
-113.8	-18.3	-1.7
-120.5	-17.1	-0.4
-123.8	-16.5	0.2
-127.9	-15.7	0.4
-133.5	-14.6	-0.5
-146.9	-12.2	0.4
-157.8	-10.1	0.4
-163.7	-9.1	0.4
-175.7	-6.8	0.8
-184.3	-5.3	-0.2
-190.4	-4.2	0.5
-215.9	0.5	0.1
-226.6	2.5	-0.4
-235.6	4.1	0.1
-248.3	6.5	-0.6
-102.2	-16.7	0.1
-106.8	-15.7	-0.9
-109.4	-15.1	0.1
-114.7	-13.9	-1.4
-117.3	-13.3	-0.1
-121.3	-12.4	-0.1
-130.2	-10.5	-0.4
-135.1	-9.4	-0.6
-139.2	-8.5	-0.1
-144.2	-7.4	-0.1
-148.4	-6.5	0.5
-165.2	-2.8	0.7
-172.8	-1.1	-0.1
-186.5	1.7	-0.1
-192.6	3.1	0.6
-202.2	5.1	-0.2
-210.9	7.1	-0.3
-240.4	13.6	-0.3
-100.6	-13.3	-0.7
-103.7	-12.4	-0.4
-110.8	-10.6	-0.3
-114.8	-9.7	-0.4
-118.7	-8.7	-0.4
-122.7	-7.6	-0.4
-126.8	-6.6	-0.2
-135.7	-4.3	-0.1
-140.6	-3.1	-0.1
-145.5	-1.9	-0.1
-155.5	0.6	0.4
-167.2	3.5	0.5
-174.9	5.5	-0.2
-187.8	8.8	0.5
-204.2	12.9	0.1
-213.8	15.4	-0.3
-223.4	17.8	-0.4
-233.2	20.3	-0.2
-243.8	23.1	-0.2
-108.2	-7.2	-0.5
-112.1	-6.1	-0.7
-128.1	-1.4	-0.4
-141.9	2.4	-0.1
-152.5	5.5	-0.3
-163.3	8.6	0.1
-175.9	12.3	0.2
-183.5	14.5	-0.1
-189.5	16.2	0.6
-206.6	21.2	0.1
-237.3	30.1	-0.7
-103.1	-4.7	-1.8
-108.8	-2.9	-0.3
-113.4	-1.4	-1.1
-116.6	-0.4	-0.4
-120.5	0.8	-0.4
-124.5	2.1	-0.2
-129.9	3.9	-1.1
-137.3	6.3	0.4
-143.6	8.4	-0.7
-154.2	11.8	-0.6
-158.4	13.2	0.4
-171.6	17.5	-0.2
-178.3	19.6	-0.2
-191.9	24.1	0.4
-201.2	27.1	-0.3
-208.9	29.7	0.1
-228.8	36.1	-0.2
-238.4	39.3	0.1
-102.2	-1.2	-0.2
-106.6	0.3	-1.2
-113.6	2.9	-0.8
-117.5	4.3	-0.7
-138.8	11.9	-0.1
-149.3	15.7	-0.3
-159.9	19.5	0.1
-165.6	21.6	0.3
-179.6	26.7	-0.1
-186.3	29.1	0.1
-193.1	31.5	0.7
-202.3	34.9	0.1
-212.5	38.6	-0.6
-232.2	45.7	-0.7
-242.7	49.5	-0.4
-100.7	2.2	-1.8
-107.5	4.8	-1.7
-109.3	5.6	0.2
-114.5	7.6	-1.1
-121.5	10.5	-0.2
-126.8	12.6	-1.1
-130.1	13.9	-0.1
-135.5	16.1	-0.8
-139.5	17.7	-0.1
-149.9	21.7	-0.1
-156.3	24.3	-0.7
-167.7	28.8	-0.2
-174.2	31.4	-0.2
-204.1	43.3	0.1
-214.2	47.4	-0.4
-234.6	55.5	-0.6
-103.3	7.4	-0.5
-107.7	9.3	-1.4
-110.1	10.3	-0.1
-115.2	12.6	-1.4
-122.2	15.5	-0.4
-126.8	17.5	-0.6
-145.5	25.7	-0.3
-155.9	30.3	0.1
-167.9	35.4	0.2
-175.2	38.6	-0.1
-181.7	41.5	0.1
-198.1	48.6	-0.3
-205.5	51.8	0.2
-236.6	65.4	-0.4
-101.1	10.6	-1.4
-103.4	11.7	-0.3
-107.1	13.5	-0.4
-110.8	15.1	-0.4
-114.5	16.9	-0.4
-119.7	19.4	-1.5
-122.8	20.8	-0.5
-131.2	24.8	-0.1
-141.2	29.6	-0.4
-146.6	32.2	-0.6
-168.8	42.6	0.3
-191.3	53.3	-0.3
-199.4	57.1	-0.3
-208.4	61.4	-0.4
-219.1	66.5	-1.1
-228.3	70.8	-0.6
-103.9	16.5	-0.7
-106.9	18.1	-0.1
-111.9	20.6	-1.4
-114.9	22.2	-0.6
-123.1	26.4	-0.6
-127.6	28.6	-0.8
-136.6	33.3	-0.6
-141.2	35.7	-0.3
-146.6	38.4	-0.4
-152.7	41.6	-0.9
-158.2	44.4	-0.6
-163.6	47.3	-0.2
-169.9	50.5	-0.1
-184.9	58.2	-0.6
-192.1	61.9	-0.3
-220.6	76.5	-1.1
-229.6	81.1	-0.4
-103.5	20.9	-0.4
-107.1	22.9	-0.4
-119.5	29.8	-1.1
-123.2	31.8	-0.7
-126.9	33.9	-0.1
-132.1	36.8	-0.7
-136.6	39.3	-0.4
-142.5	42.6	-1.2
-147.1	45.2	-0.7
-159.3	51.9	-1.2
-164.7	54.9	-0.7
-170.9	58.3	-0.4
-184.9	66.2	-0.3
-192.8	70.6	-0.3
-202.3	75.9	-0.9
-100.2	23.9	-0.7
-104.3	26.3	-1.5
-107.2	28.1	-0.7
-110.8	30.2	-0.6
-114.4	32.3	-0.4
-118.7	34.9	-0.6
-123.7	37.8	-1.4
-127.3	40.1	-0.7
-132.4	43.1	-1.2
-136.9	45.8	-0.9
-142.7	49.3	-1.5
-152.6	55.2	-0.6
-159.4	59.2	-1.2
-164.7	62.4	-0.6
-178.5	70.6	-0.6
-186.2	75.2	-0.8
-213.5	91.6	-1.5
-222.2	96.8	-0.8
-103.7	30.9	-1.1
-106.6	32.8	-0.4
-111.4	35.8	-1.5
-114.9	38.1	-1.1
-118.5	40.4	-0.7
-122.8	43.2	-0.8
-132.7	49.6	-1.6
-137.1	52.4	-1.2
-142.9	56.2	-1.8
-152.5	62.4	-0.7
-159.1	66.7	-1.2
-171.1	74.3	-0.5
-186.3	84.1	-0.7
-194.7	89.5	-0.9
-214.8	102.4	-1.8
-223.3	107.9	-0.9
-102.8	35.7	-0.7
-106.2	38.1	-0.6
-113.9	43.3	-0.6
-117.4	45.8	-0.1
-122.8	49.5	-1.3
-126.4	51.9	-0.6
-141.3	62.2	-0.9
-147.7	66.7	-1.7
-152.1	69.7	-0.7
-159.3	74.7	-1.6
-163.8	77.8	-0.2
-171.8	83.4	-1.1
-179.2	88.5	-1.2
-187.4	94.2	-1.5
-196.4	100.4	-1.9
-204.7	106.2	-1.5
-213.8	112.4	-1.2
-105.7	43.3	-0.8
-109.7	46.3	-1.1
-113.8	49.3	-1.3
-117.2	51.8	-0.8
-122.6	55.8	-1.9
-131.6	62.5	-1.8
-136.6	66.1	-1.8
-140.8	69.3	-1.1
-147.1	73.9	-1.8
-152.1	77.6	-1.2
-157.8	81.9	-0.9
-163.5	86.1	-0.5
-178.7	97.3	-1.2
-186.7	103.3	-1.3
-195.5	109.8	-1.5
-204.4	116.4	-1.4
-214.8	124.1	-1.7
-101.7	46.3	-1.3
-106.2	49.9	-2.3
-108.3	51.5	-0.6
-112.9	55.2	-1.4
-116.9	58.3	-1.3
-125.6	65.3	-1.4
-145.5	80.9	-1.2
-151.1	85.3	-1.1
-156.6	89.7	-0.7
-163.6	95.3	-1.1
-178.5	107.1	-1.5
-186.4	113.3	-1.4
-203.7	127.1	-1.2
-104.8	54.8	-1.8
-107.5	57.1	-0.7
-115.9	64.2	-1.3
-134.3	79.8	-1.6
-169.6	109.8	-1.2
-177.3	116.3	-1.3
-185.6	123.4	-1.5
-204.6	139.5	-2.1
-99.9	57.1	-1.7
-103.6	60.5	-1.9
-106.8	63.3	-1.4
-110.6	66.8	-1.3
-118.2	73.7	-0.9
-123.3	78.3	-1.5
-127.2	81.8	-0.9
-138.2	91.8	-1.8
-148.8	101.4	-1.2
-153.4	105.6	-0.2
-160.7	112.2	-0.8
-168.8	119.5	-1.5
-176.9	126.9	-1.9
-184.4	133.7	-1.5
-193.3	141.7	-1.6
-109.1	72.7	-1.3
-113.9	77.4	-2.2
-117.1	80.5	-1.2
-122.1	85.3	-1.8
-126.5	89.5	-1.6
-130.9	93.8	-1.2
-136.6	99.3	-1.7
-141.1	103.7	-0.9
-148.1	110.5	-1.9
-153.3	115.5	-1.2
-159.8	121.8	-1.2
-167.6	129.4	-1.7
-174.8	136.4	-1.5
-183.4	144.7	-1.8
-191.4	152.4	-1.3
-93.8	64.4	-1.7
-107.4	78.5	-1.2
-115.7	87.1	-1.5
-124.8	96.5	-1.7
-129.7	101.6	-1.8
-134.7	106.7	-1.6
-139.6	111.8	-1.2
-145.2	117.6	-1.1
-150.9	123.4	-0.8
-173.1	146.5	-1.5
-89.3	66.7	-2.1
-92.1	69.9	-1.8
-98.4	76.9	-1.4
-102.4	81.2	-1.9
-105.8	85.1	-1.6
-109.9	89.5	-1.8
-113.4	93.4	-1.2
-122.2	103.1	-1.2
-126.9	108.4	-1.2
-132.9	114.9	-1.9
-136.5	118.9	-0.5
-143.1	126.2	-1.2
-149.2	132.9	-1.2
-155.9	140.4	-1.3
-163.9	149.2	-1.9
-170.6	156.7	-1.4
-81.6	65.1	-2.1
-84.8	68.9	-2.6
-87.5	72.1	-2.3
-90.3	75.4	-1.9
-96.3	82.5	-1.3
-100.7	87.7	-2.4
-107.4	95.6	-1.5
-111.4	100.3	-1.4
-135.3	128.8	-1.6
-147.6	143.3	-1.9
-154.1	150.9	-1.9
-161.2	159.3	-1.9
-79.9	70.3	-2.4
-82.5	73.6	-2.1
-85.6	77.5	-2.4
-87.8	80.3	-1.3
-91.9	85.5	-2.6
-94.6	88.9	-1.9
-102.1	98.3	-2.4
-105.3	102.4	-1.8
-109.1	107.2	-1.6
-112.4	111.4	-0.7
-117.8	118.3	-1.7
-122.2	123.9	-1.4
-132.7	137.2	-1.7
-137.8	143.6	-1.2
-145.1	152.8	-2.2
-151.4	160.9	-1.9
-158.2	169.5	-1.8
-92.6	95.2	-2.4
-95.2	98.7	-1.4
-99.8	104.9	-2.7
-101.9	107.8	-0.9
-106.5	114.1	-1.7
-110.7	119.8	-1.8
-114.9	125.5	-1.6
-119.7	131.9	-1.7
-123.9	137.8	-1.1
-129.2	145.1	-1.2
-135.1	153.1	-1.5
-141.6	161.9	-1.9
-148.2	170.7	-1.9
-154.8	179.6	-1.6
-65.6	66.5	-2.4
-67.9	69.9	-2.5
-70.2	73.3	-2.5
-72.6	76.7	-2.4
-75.8	81.4	-3.4
-77.4	83.7	-1.8
-83.5	92.7	-2.6
-85.5	95.6	-1.3
-89.4	101.2	-2.2
-92.3	105.5	-1.8
-96.2	111.2	-2.3
-99.2	115.6	-1.6
-103.1	121.4	-1.8
-107.6	127.9	-2.2
-111.1	133.1	-1.4
-116.1	140.4	-1.9
-120.2	146.4	-1.2
-125.8	154.6	-1.6
-130.9	162.2	-1.3
-137.1	171.2	-1.5
-144.4	181.9	-2.2
-150.7	191.1	-1.7
-61.3	67.9	-2.6
-63.5	71.3	-2.8
-65.2	74.2	-2.1
-67.8	78.3	-2.8
-70.1	81.9	-2.6
-72.7	86.1	-2.9
-80.5	98.3	-2.6
-86.4	107.7	-2.6
-89.2	112.2	-2.1
-96.7	123.9	-2.8
-99.6	128.6	-1.8
-103.4	134.5	-1.6
-107.6	141.3	-1.7
-126.9	171.9	-1.4
-132.8	181.2	-1.5
-58.6	71.9	-2.4
-61.1	76.1	-3.2
-62.8	79.1	-2.5
-69.5	90.6	-2.4
-72.4	95.8	-3.2
-76.7	103.2	-1.9
-79.3	107.7	-1.6
-82.8	113.6	-2.4
-85.9	118.9	-2.3
-92.5	130.2	-2.3
-96.1	136.3	-2.2
-100.1	143.2	-2.4
-103.7	149.4	-1.9
-108.3	157.2	-2.1
-112.4	164.2	-1.6
-122.9	182.4	-1.9
-52.3	69.6	-2.4
-54.5	73.8	-3.4
-56.1	76.8	-2.8
-58.4	81.1	-3.5
-59.7	83.5	-2.1
-61.9	87.8	-2.6
-64.3	92.2	-2.9
-65.9	95.3	-1.9
-69.1	101.1	-3.2
-76.4	114.8	-2.6
-78.9	119.4	-2.1
-82.2	125.5	-2.5
-85.5	131.7	-2.8
-88.8	137.9	-2.8
-91.4	142.7	-1.6
-95.6	150.5	-2.2
-99.4	157.6	-2.1
-103.2	164.8	-1.7
-108.3	174.3	-2.4
-112.6	182.4	-1.9
-117.8	192.1	-1.9
-48.2	71.1	-3.3
-49.7	74.1	-2.9
-51.5	77.8	-3.1
-54.8	84.5	-2.5
-58.5	92.1	-2.1
-61.1	97.2	-3.1
-65.5	106.4	-3.2
-67.4	110.3	-2.5
-72.7	121.1	-2.9
-78.4	132.8	-3.2
-80.8	137.6	-2.3
-84.6	145.5	-3.3
-87.4	151.1	-2.4
-94.9	166.4	-2.6
-98.9	174.6	-2.5
-104.1	185.3	-3.5
-108.2	193.5	-2.8
-112.9	203.5	-2.6
-119.1	215.9	-3.3
-43.7	71.3	-2.7
-45.3	74.9	-3.1
-48.6	82.4	-3.5
-50.3	86.2	-3.5
-51.4	88.6	-2.1
-53.7	93.8	-3.3
-57.1	101.6	-2.5
-65.8	121.1	-2.6
-68.3	126.6	-2.7
-70.8	132.2	-2.5
-73.6	138.6	-2.8
-79.4	151.6	-2.6
-85.6	165.5	-2.1
-93.8	183.7	-2.8
-98.6	194.5	-3.6
-102.6	203.8	-3.2
-107.5	214.8	-3.2
-39.7	72.4	-3.6
-40.4	74.2	-1.8
-42.4	79.2	-3.6
-43.4	81.7	-2.4
-45.3	86.3	-3.2
-46.5	89.4	-2.5
-48.1	93.3	-2.4
-50.2	98.6	-3.4
-51.5	101.9	-2.4
-53.4	106.5	-2.6
-59.5	121.6	-2.8
-61.5	126.4	-2.4
-63.6	132.1	-2.3
-66.2	138.5	-2.7
-71.8	152.4	-3.3
-74.2	158.2	-2.4
-77.5	166.5	-2.9
-84.6	184.1	-3.4
-88.4	193.4	-3.5
-92.5	203.6	-3.6
-101.5	225.9	-3.6
-36.4	75.3	-2.7
-37.5	78.4	-2.4
-39.1	82.9	-3.4
-40.3	86.1	-2.8
-43.3	94.6	-3.4
-44.5	97.8	-2.6
-46.2	102.5	-2.9
-47.4	105.8	-1.9
-55.2	127.4	-3.2
-56.7	131.5	-2.1
-59.4	138.9	-3.1
-61.4	144.7	-2.8
-63.8	151.3	-2.8
-66.6	158.8	-3.1
-68.7	164.7	-2.2
-74.7	181.6	-2.6
-81.8	201.3	-3.2
-85.6	211.7	-3.2
-33.2	78.7	-2.6
-34.2	81.9	-2.2
-35.5	85.7	-2.4
-36.8	90.3	-3.2
-37.6	92.9	-1.8
-39.1	97.5	-2.4
-40.7	102.3	-2.8
-46.6	120.9	-2.5
-50.3	132.3	-2.9
-51.9	137.3	-2.3
-56.2	150.7	-2.8
-58.1	156.6	-2.2
-65.7	180.5	-2.6
-72.1	200.3	-3.5
-78.7	221.4	-3.4
-26.7	71.1	-1.7
-27.8	74.9	-2.3
-30.8	85.9	-2.6
-31.7	89.1	-2.1
-33.8	96.4	-1.4
-35.3	101.8	-2.6
-36.4	105.9	-2.3
-39.1	115.6	-2.6
-43.1	129.8	-1.4
-44.8	136.4	-2.1
-46.7	143.1	-2.5
-48.4	149.1	-2.2
-50.5	156.7	-2.8
-52.2	162.7	-2.1
-54.6	171.2	-2.7
-56.5	178.2	-2.1
-59.2	187.7	-2.6
-61.9	197.4	-2.8
-64.8	207.9	-3.2
-22.9	71.7	-2.6
-23.5	74.3	-1.6
-24.3	77.4	-1.4
-25.2	81.3	-1.8
-26.1	85.2	-2.2
-27.1	89.2	-2.4
-27.9	92.5	-1.8
-31.1	106.1	-2.8
-34.5	120.1	-2.6
-35.3	123.5	-1.3
-36.9	130.1	-2.2
-39.5	141.1	-1.8
-41.4	148.6	-2.7
-42.8	154.7	-2.3
-44.7	162.4	-2.7
-46.3	169.3	-2.4
-52.7	196.4	-3.4
-55.1	206.2	-3.5
-60.2	227.7	-3.4
-19.9	77.2	-1.5
-20.8	81.8	-2.7
-21.4	84.3	-1.7
-22.1	88.3	-1.9
-22.9	92.3	-2.1
-23.5	94.9	-0.8
-24.6	100.4	-2.1
-25.4	104.5	-1.9
-26.3	109.4	-2.3
-27.2	113.6	-1.9
-30.2	128.6	-1.8
-32.7	141.2	-2.7
-33.9	147.2	-2.5
-35.1	153.3	-2.2
-36.4	160.2	-2.3
-41.1	183.8	-2.6
-43.1	193.5	-3.1
-44.8	202.4	-2.8
-47.2	214.1	-3.6
-51.7	236.7	-3.6
-15.3	75.6	-0.1
-16.3	82.1	0.3
-17.4	89.3	0.4
-19.8	104.3	-2.4
-20.5	108.5	-2.1
-21.2	113.4	-2.4
-23.6	128.5	-2.5
-24.3	132.9	-1.6
-25.3	139.6	-2.4
-26.4	146.4	-2.9
-27.4	152.5	-2.7
-28.6	160.3	-3.3
-29.6	166.4	-2.7
-30.9	175.2	-3.4
-32.1	182.3	-2.9
-33.3	190.3	-2.6
-38.3	221.8	-3.6
-13.9	98.2	-1.5
-14.4	102.4	-1.4
-15.6	112.9	-2.9
-16.7	122.2	-2.6
-17.9	132.4	-2.4
-18.6	138.4	-2.6
-19.3	144.4	-2.7
-20.2	152.2	-3.6
-20.8	157.5	-2.8
-21.6	165.3	-3.3
-22.5	172.4	-3.1
-23.3	179.5	-2.7
-24.4	189.3	-3.5
-25.4	197.4	-3.1
-26.6	208.2	-3.7
-27.8	218.2	-3.6
-9.5	104.4	-0.4
-9.8	109.3	-0.8
-10.3	115.1	-1.8
-11.1	125.9	-2.6
-11.5	131.1	-2.5
-12.4	143.9	-3.5
-12.8	148.3	-2.3
-13.4	156.1	-3.2
-13.9	163.1	-3.3
-14.4	170.2	-3.3
-15.6	185.3	-2.9
-16.3	195.2	-3.6
-17.8	214.3	-3.5
-19.5	237.2	-3.8
-5.1	122.6	-1.4
-5.4	130.1	-3.2
-5.6	136.1	-3.6
-5.8	141.3	-3.2
-6.2	153.5	-3.1
-6.5	160.5	-3.3
-6.7	167.6	-3.3
-7.3	183.6	-3.7
-7.9	199.8	-3.1
-8.3	210.7	-3.7
-9.1	233.6	-4.4
-9.6	245.7	-4.4
0.4	127.5	-2.6
0.5	132.6	-2.5
0.5	145.4	-3.5
0.5	151.5	-3.5
0.5	158.5	-3.8
0.6	164.7	-3.3
0.6	172.7	-3.8
0.6	188.8	-3.9
0.7	207.8	-4.3
0.7	218.7	-4.8
0.8	240.9	-4.6
6.4	131.2	-3.2
6.7	137.1	-3.6
7.2	149.2	-3.8
7.5	155.4	-3.6
7.8	163.2	-4.4
8.1	169.5	-3.8
8.4	176.6	-3.6
8.7	185.5	-4.2
9.5	203.5	-4.5
9.9	213.5	-4.6
10.4	224.5	-4.9
10.8	234.7	-4.4
11.4	247.6	-4.8
10.8	112.1	-1.5
11.2	117.1	-1.8
11.8	124.4	-3.9
12.2	128.7	-3.2
12.7	134.7	-3.7
13.6	145.9	-3.5
14.2	153.6	-4.6
14.7	158.9	-3.8
15.3	166.8	-4.4
15.7	172.2	-3.3
17.8	197.2	-3.6
18.8	208.9	-4.8
20.5	229.9	-4.9
21.3	240.1	-4.2
14.6	102.1	-2.1
15.8	111.9	-3.3
16.3	116.1	-2.9
16.8	120.3	-2.5
17.6	126.9	-3.9
18.1	131.2	-3.2
18.8	137.2	-3.6
20.1	149.2	-3.8
21.7	162.2	-3.9
22.6	169.3	-3.8
23.5	177.2	-4.1
24.4	184.3	-3.7
25.6	194.1	-4.5
26.4	201.4	-3.5
27.8	213.1	-4.6
30.4	234.1	-4.4
15.8	81.1	-1.6
16.3	83.7	-0.7
16.9	87.6	-1.1
17.4	90.9	-0.7
18.3	96.2	-2.4
19.5	104.4	-2.5
20.9	112.7	-2.1
21.9	119.1	-3.7
22.7	124.1	-3.9
23.5	129.2	-3.8
24.3	134.3	-3.7
25.1	139.4	-3.4
26.2	146.2	-4.1
28.1	158.3	-3.8
29.3	166.1	-4.4
30.3	172.3	-3.8
31.6	180.2	-3.9
32.9	188.2	-3.9
35.7	206.1	-3.9
37.5	217.8	-4.8
40.9	238.7	-4.2
19.4	80.1	-2.5
21.5	90.4	-2.4
22.1	93.7	-1.9
23.1	98.4	-2.8
24.7	106.6	-2.8
25.6	111.4	-3.3
26.4	115.6	-2.9
27.6	121.3	-3.8
28.4	125.5	-3.2
29.4	130.5	-3.2
30.6	136.4	-3.6
31.7	142.3	-3.8
33.1	149.1	-4.4
34.1	154.3	-3.6
36.8	168.1	-3.8
40.1	184.7	-4.7
43.6	202.4	-4.9
45.2	210.5	-4.2
47.3	221.3	-4.5
49.5	232.2	-4.4
22.7	78.2	-2.6
23.5	81.4	-2.4
24.2	84.6	-2.2
25.9	91.7	-2.2
27.8	99.6	-2.5
28.9	104.4	-3.2
33.2	122.4	-3.2
34.5	128.1	-3.8
35.9	133.9	-4.3
37.5	140.5	-5.2
38.5	144.9	-4.1
40.1	151.6	-4.6
41.3	156.8	-3.8
43.1	164.5	-4.4
44.8	171.4	-4.3
46.4	178.4	-3.9
48.5	187.1	-4.4
52.6	204.7	-4.3
54.9	214.5	-4.4
26.7	80.1	-3.2
27.4	82.6	-2.3
28.5	86.5	-2.7
29.4	89.7	-2.4
30.4	93.6	-2.6
31.7	98.2	-3.5
32.4	100.8	-2.1
34.1	106.9	-4.1
36.4	115.1	-3.6
37.5	119.2	-3.2
38.9	124.1	-3.2
40.4	129.8	-3.8
43.6	141.4	-4.3
44.9	146.5	-3.8
46.8	153.2	-4.2
48.4	159.2	-3.9
52.6	174.6	-4.6
54.5	181.5	-4.2
56.9	190.2	-4.5
58.6	196.3	-3.1
61.7	207.7	-4.2
64.6	218.3	-4.5
30.7	81.1	-3.2
31.7	84.3	-2.9
32.9	88.1	-3.3
33.7	90.6	-2.2
34.8	94.5	-2.4
36.5	99.8	-3.9
37.5	103.1	-3.2
39.2	108.5	-4.4
41.5	115.9	-3.1
43.3	121.5	-3.9
44.6	125.6	-3.2
53.6	154.5	-3.8
60.5	176.5	-4.4
62.7	183.4	-3.9
68.1	200.6	-3.9
71.1	210.2	-3.9
74.7	221.6	-4.5
78.3	233.1	-4.6
35.8	85.1	-2.7
36.9	88.3	-2.4
38.5	92.8	-3.4
41.2	100.5	-3.5
42.4	103.8	-2.8
44.3	109.1	-3.9
45.7	113.1	-3.6
47.4	117.9	-3.8
49.1	122.7	-3.9
50.5	126.8	-3.2
52.8	133.2	-4.2
54.8	138.9	-4.3
56.6	143.9	-3.8
58.9	150.4	-4.2
63.3	162.9	-3.8
74.1	193.5	-3.5
78.4	205.5	-5.1
85.1	224.6	-4.4
38.5	82.2	-2.2
40.2	86.6	-3.3
41.2	89.1	-2.2
43.2	94.2	-3.8
44.4	97.3	-3.2
50.9	113.7	-3.1
52.5	117.7	-2.6
54.9	123.9	-3.8
57.1	129.4	-4.3
61.2	139.9	-4.1
63.2	144.8	-3.5
68.3	157.9	-3.9
70.9	164.5	-3.8
73.9	171.9	-3.9
77.1	180.3	-4.4
80.5	188.7	-4.5
83.8	197.1	-4.3
87.2	205.6	-3.9
90.5	214.2	-3.2
95.6	227.1	-4.2
44.4	87.2	-3.1
45.5	89.6	-1.9
47.7	94.6	-3.5
49.1	97.8	-2.8
54.1	109.3	-2.3
56.7	115.3	-3.8
58.4	119.3	-3.2
60.8	124.7	-3.8
62.9	129.5	-3.6
67.7	140.6	-3.8
70.1	146.2	-3.6
72.9	152.6	-3.9
75.4	158.3	-3.3
78.9	166.5	-4.1
82.5	174.6	-4.7
89.4	190.4	-4.5
92.7	197.9	-3.7
96.7	207.2	-3.6
101.1	217.3	-3.6
47.1	83.9	-2.6
48.8	87.5	-2.9
50.3	90.6	-2.4
52.4	94.9	-3.2
54.2	98.7	-3.2
56.3	103.1	-3.7
58.1	106.9	-3.4
59.9	110.8	-3.1
62.1	115.3	-3.2
66.9	125.3	-3.7
71.4	134.7	-2.9
76.7	145.8	-2.7
80.1	152.9	-3.3
86.1	165.7	-2.9
90.3	174.6	-3.9
93.5	181.1	-3.1
98.1	190.9	-3.9
102.1	199.2	-3.5
106.8	209.1	-3.6
112.4	220.7	-4.2
51.3	84.3	-2.4
53.2	87.9	-2.6
59.2	99.5	-3.4
61.2	103.2	-3.3
63.5	107.7	-3.6
65.5	111.5	-3.2
67.8	116.1	-3.2
70.2	120.6	-3.2
75.7	131.2	-3.8
77.8	135.2	-2.7
84.2	147.5	-3.3
87.5	153.8	-3.3
90.8	160.1	-3.1
94.5	167.3	-3.2
99.5	176.8	-4.5
102.4	182.4	-3.1
107.5	192.1	-3.7
55.7	85.3	-2.9
57.7	88.8	-3.1
64.2	100.3	-3.7
65.9	103.3	-2.8
68.7	108.4	-3.7
70.8	112.1	-3.2
78.4	125.6	-2.8
81.4	130.8	-2.9
84.4	136.1	-2.9
87.4	141.5	-2.7
91.3	148.3	-3.3
94.3	153.8	-2.7
99.1	162.2	-3.9
103.1	169.3	-3.9
112.4	185.8	-4.3
121.9	202.6	-3.6
59.8	85.3	-2.6
61.9	88.8	-2.8
66.2	95.9	-2.8
69.2	100.8	-3.9
76.3	112.4	-3.2
78.9	116.8	-3.2
84.8	126.3	-3.2
87.9	131.5	-3.2
91.1	136.7	-3.1
98.4	148.8	-3.3
102.1	154.8	-3.1
107.2	163.2	-4.2
115.7	177.1	-3.5
120.9	185.6	-3.7
132.8	205.2	-4.4
64.3	85.9	-3.1
66.5	89.3	-3.2
68.8	92.8	-3.2
73.4	99.9	-2.8
78.5	107.6	-2.6
81.7	112.6	-3.2
84.6	116.9	-3.1
87.8	121.9	-3.4
90.7	126.3	-2.9
97.4	136.5	-2.7
101.7	143.1	-3.3
124.9	178.4	-3.9
130.4	186.8	-3.9
68.8	86.3	-3.5
70.8	89.1	-2.8
73.2	92.5	-2.8
80.9	103.5	-2.5
86.8	111.8	-2.6
93.7	121.6	-3.2
96.7	125.9	-2.7
100.2	130.9	-2.5
104.7	137.3	-3.3
108.8	143.1	-3.3
113.4	149.6	-3.6
133.7	178.4	-3.7
72.9	86.1	-3.2
74.9	88.8	-2.5
80.5	96.2	-2.8
83.1	99.6	-2.4
86.5	104.2	-3.2
92.7	112.4	-3.1
95.3	115.9	-2.2
99.4	121.4	-2.9
102.6	125.6	-2.3
106.8	131.2	-2.7
111.5	137.5	-3.3
115.2	142.5	-2.7
130.8	163.1	-3.6
136.8	171.1	-3.9
142.3	178.4	-3.5
156.1	196.8	-3.8
82.2	92.3	-2.6
84.9	95.6	-2.3
87.5	98.9	-1.9
91.6	104.1	-3.2
101.8	116.8	-3.2
105.1	120.9	-2.7
109.4	126.4	-3.1
112.8	130.5	-2.2
118.2	137.4	-3.3
122.1	142.3	-2.6
127.7	149.2	-3.2
133.3	156.2	-3.5
137.8	161.9	-2.6
145.7	171.8	-4.2
83.8	88.3	-2.4
89.7	95.3	-2.4
99.1	106.3	-1.9
103.5	111.5	-2.8
107.4	116.1	-2.9
110.8	120.1	-2.3
115.9	126.1	-3.2
119.4	130.1	-2.3
124.5	136.2	-2.7
129.7	142.3	-2.9
134.9	148.4	-2.9
140.8	155.3	-3.1
147.2	162.9	-3.4
153.7	170.5	-3.5
160.3	178.2	-3.2
90.8	90.6	-1.7
94.7	94.9	-2.5
98.1	98.7	-2.6
101.5	102.5	-2.6
112.6	114.6	-2.1
121.3	124.3	-2.2
126.1	129.5	-2.3
131.4	135.4	-2.6
136.8	141.4	-2.7
148.3	154.1	-2.6
155.6	162.1	-3.3
162.4	169.6	-3.2
169.2	177.1	-2.7
93.9	88.1	-3.4
95.8	90.1	-1.8
100.4	94.8	-3.2
114.8	109.6	-2.4
119.6	114.6	-2.9
132.5	127.8	-1.7
139.2	134.8	-2.9
144.9	140.6	-2.9
150.5	146.4	-2.6
158.1	154.2	-3.4
100.9	89.2	-1.9
105.1	93.2	-2.6
108.7	96.8	-2.6
112.5	100.4	-2.4
116.8	104.5	-2.6
120.5	108.2	-2.1
126.1	113.6	-3.1
135.6	122.8	-2.8
140.8	127.7	-2.6
145.9	132.7	-2.2
158.9	145.2	-2.6
167.4	153.3	-3.7
173.4	159.1	-2.7
181.3	166.6	-2.7
103.2	85.8	-3.1
110.2	92.1	-2.6
122.3	103.1	-2.4
126.8	107.1	-2.3
136.6	115.9	-2.3
142.4	121.2	-2.7
154.5	131.9	-2.9
160.5	137.4	-2.6
182.8	157.6	-2.8
190.3	164.4	-2.2
101.1	78.6	-3.3
103.1	80.3	-1.7
107.6	84.1	-2.5
115.3	90.7	-2.6
129.1	102.3	-3.2
133.2	105.7	-2.5
139.2	110.8	-3.3
143.9	114.8	-2.8
149.4	119.4	-2.6
156.2	125.1	-3.2
161.1	129.2	-2.1
168.7	135.6	-2.6
176.3	142.1	-2.8
192.4	155.6	-2.7
101.3	73.7	-2.4
105.2	76.7	-2.8
112.5	82.5	-2.6
116.5	85.7	-2.6
119.9	88.3	-1.9
129.4	95.8	-2.4
134.8	100.1	-2.9
139.6	103.9	-2.7
144.5	107.7	-2.3
150.7	112.6	-2.7
163.3	122.6	-2.9
193.3	146.2	-2.8
201.4	152.5	-2.2
102.5	69.9	-2.8
109.9	75.4	-2.9
113.4	77.9	-2.5
117.5	80.9	-2.6
125.1	86.5	-1.8
131.2	91.1	-3.2
134.8	93.7	-2.1
140.4	97.8	-2.5
157.4	110.3	-2.6
163.2	114.5	-2.2
176.2	124.1	-1.7
193.9	137.1	-2.7
202.1	143.1	-2.3
100.2	63.9	-3.2
102.4	65.4	-1.8
118.2	76.2	-2.6
121.1	78.2	-1.4
127.3	82.5	-3.1
130.2	84.5	-1.6
136.5	88.8	-2.9
140.9	91.8	-2.3
145.9	95.3	-2.1
152.4	99.7	-2.8
157.5	103.3	-2.2
164.8	108.3	-2.9
170.1	111.9	-1.9
176.7	116.4	-1.7
184.2	121.6	-1.6
193.2	127.7	-2.2
210.6	139.7	-1.8
100.4	59.8	-2.8
103.3	61.6	-2.1
106.2	63.5	-1.4
110.8	66.5	-2.6
113.8	68.4	-1.7
130.9	79.4	-1.8
136.7	83.1	-2.6
141.8	86.3	-2.7
146.9	89.6	-2.5
152.1	92.9	-2.2
158.8	97.2	-2.8
170.8	104.8	-2.2
176.9	108.7	-1.6
184.5	113.6	-1.7
192.9	118.9	-1.9
201.4	124.3	-1.9
210.6	130.2	-1.9
100.4	55.8	-2.4
103.3	57.5	-1.8
111.1	62.1	-2.4
115.3	64.6	-2.8
118.3	66.4	-1.8
126.4	71.2	-1.4
131.5	74.2	-1.9
136.5	77.3	-2.2
146.9	83.5	-2.3
157.5	89.7	-1.8
164.4	93.7	-2.2
177.4	101.5	-1.9
183.6	105.2	-1.2
190.7	109.4	-0.7
200.8	115.4	-1.7
218.9	126.1	-1.4
100.2	51.9	-1.9
104.4	54.2	-2.8
106.8	55.5	-1.5
111.1	57.9	-2.1
114.8	59.9	-1.9
118.4	61.9	-1.7
126.5	66.4	-1.4
136.2	71.7	-1.8
146.1	77.1	-1.5
151.4	80.1	-1.4
157.5	83.4	-1.7
175.4	93.3	-0.7
183.2	97.5	-1.1
190.3	101.4	-0.8
215.9	115.5	-0.3
100.6	48.5	-2.2
107.9	52.1	-2.5
110.3	53.3	-1.1
114.5	55.5	-1.7
122.7	59.7	-1.8
131.1	63.9	-1.4
136.4	66.6	-1.9
146.4	71.7	-1.8
151.8	74.4	-1.8
157.2	77.1	-1.6
163.5	80.4	-1.8
176.1	86.7	-1.4
181.8	89.6	-0.5
189.8	93.7	-0.7
197.8	97.7	-0.7
205.9	101.9	-0.4
215.7	106.8	-0.7
224.7	111.4	-0.2
100.2	44.5	-1.7
103.9	46.2	-1.9
106.9	47.7	-1.4
111.3	49.7	-2.1
118.8	53.1	-1.9
126.5	56.8	-1.3
132.5	59.5	-2.6
141.1	63.5	-1.8
145.8	65.7	-1.4
156.8	70.7	-1.4
168.8	76.3	-1.2
174.4	78.9	-0.6
181.7	82.3	-0.7
188.9	85.7	-0.6
196.3	89.1	-0.3
205.3	93.3	-0.6
214.5	97.5	-0.6
223.6	101.7	-0.3
100.9	41.1	-2.6
103.3	42.2	-1.4
110.7	45.4	-1.8
114.6	46.9	-1.8
119.1	48.8	-2.4
126.9	52.1	-1.8
130.8	53.8	-1.3
140.2	57.8	-1.3
151.2	62.4	-1.8
156.1	64.5	-1.2
162.5	67.1	-1.6
167.4	69.1	-0.7
174.6	72.3	-1.2
187.8	77.8	-0.5
196.1	81.2	-0.7
202.8	84.1	0.1
212.7	88.4	-0.4
221.2	91.9	0.1
232.2	96.5	-0.2
110.9	41.4	-2.1
114.6	42.8	-2.1
118.5	44.4	-2.1
122.4	45.8	-1.9
131.1	49.1	-1.9
135.1	50.6	-1.4
139.1	52.1	-0.7
145.4	54.6	-1.8
149.5	56.1	-0.9
155.9	58.6	-1.5
160.8	60.4	-0.9
167.3	62.9	-1.2
173.1	65.1	-0.7
178.9	67.3	-0.1
187.2	70.4	-0.7
201.5	75.8	0.1
209.9	79.1	0.2
229.5	86.6	0.1
99.8	33.9	-2.2
102.3	34.8	-1.1
106.7	36.3	-2.2
109.9	37.4	-1.7
113.8	38.8	-1.8
118.4	40.3	-2.5
121.6	41.4	-1.7
128.8	43.9	-0.5
134.3	45.8	-1.3
139.2	47.4	-1.4
153.7	52.3	-0.6
160.3	54.6	-1.2
166.1	56.6	-1.1
171.9	58.5	-0.7
179.4	61.1	-1.2
192.9	65.7	-0.5
199.7	68.1	0.1
209.1	71.3	-0.3
238.5	81.2	-0.2
109.5	33.9	-1.9
112.8	34.8	-1.4
116.6	36.1	-1.5
121.3	37.5	-2.1
124.6	38.5	-1.3
129.4	39.9	-1.7
133.4	41.2	-1.3
138.2	42.7	-1.4
143.1	44.1	-1.3
147.2	45.4	-0.6
153.8	47.4	-1.4
159.6	49.1	-1.5
164.5	50.7	-0.9
170.4	52.5	-0.6
177.1	54.6	-0.7
183.9	56.6	-0.6
190.7	58.7	-0.2
198.4	61.1	-0.2
206.2	63.4	0.1
214.8	66.1	0.2
226.1	69.5	-0.6
234.9	72.1	0.1
101.9	28.5	-2.2
105.1	29.4	-1.8
109.7	30.5	-2.9
116.1	32.4	-1.8
119.4	33.2	-1.1
124.2	34.5	-1.7
128.2	35.6	-1.5
132.3	36.7	-1.1
158.5	43.8	-1.8
163.6	45.2	-1.2
168.7	46.6	-0.5
175.5	48.4	-0.7
182.2	50.2	-0.7
195.2	53.7	0.4
204.6	56.3	-0.3
212.5	58.4	0.1
221.3	60.8	0.4
232.7	63.9	-0.2
101.4	25.4	-2.3
107.7	26.9	-1.7
111.7	27.9	-1.9
114.3	28.5	-0.7
119.7	29.8	-2.1
122.3	30.3	-0.7
145.2	35.7	-0.7
150.9	37.1	-1.2
155.9	38.3	-0.9
162.6	39.9	-1.5
167.8	41.1	-0.9
172.8	42.3	-0.1
180.5	44.2	-0.7
185.8	45.4	0.3
194.3	47.3	-0.2
202.2	49.2	-0.2
209.2	50.9	0.5
228.6	55.5	0.2
238.4	57.8	0.5
103.7	23.2	-2.2
106.9	23.8	-1.8
109.5	24.3	-0.7
114.2	25.2	-1.7
117.5	25.9	-1.1
121.5	26.6	-1.1
126.3	27.6	-1.7
130.4	28.4	-1.5
135.4	29.5	-1.8
138.8	30.2	-0.7
143.7	31.2	-0.8
148.7	32.1	-0.7
160.5	34.5	-1.2
165.5	35.5	-0.7
173.2	37.1	-1.6
185.3	39.5	-0.7
215.1	45.6	0.5
234.7	49.5	0.5
246.4	51.9	0.1
102.7	20.1	-2.3
104.7	20.4	-0.5
109.3	21.2	-1.7
113.3	21.9	-1.9
116.6	22.5	-1.4
120.6	23.1	-1.5
124.7	23.8	-1.4
129.6	24.7	-1.9
142.1	26.8	-0.8
147.1	27.7	-0.7
157.3	29.3	-0.3
164.8	30.6	-1.5
169.2	31.3	-0.3
176.1	32.4	-0.6
182.2	33.5	-0.2
189.1	34.7	-0.1
212.9	38.7	0.1
241.6	43.5	0.5
100.4	16.9	-0.9
104.9	17.6	-2.2
111.5	18.5	-1.4
118.9	19.4	-1.1
122.9	20.1	-1.1
132.7	21.4	-2.1
141.2	22.6	-1.3
145.4	23.1	-0.8
149.6	23.7	-0.1
161.5	25.3	-0.6
168.3	26.3	-1.2
173.6	26.9	-0.5
179.6	27.7	-0.2
187.4	28.9	-0.7
208.7	31.7	0.6
227.4	34.2	0.4
237.4	35.6	0.5
249.3	37.2	0.1
102.5	14.5	-0.8
110.4	15.4	-1.7
114.4	15.9	-1.9
117.1	16.1	-0.7
121.1	16.5	-0.8
126.7	17.1	-2.1
129.3	17.4	-0.6
138.5	18.3	-0.6
142.8	18.8	-0.1
147.8	19.3	-0.1
159.6	20.5	-0.9
170.8	21.7	-0.3
176.9	22.4	-0.1
183.8	23.1	-0.2
191.8	23.9	-0.6
198.9	24.7	-0.2
207.8	25.6	-0.6
214.1	26.2	0.5
223.9	27.3	0.2
234.8	28.4	-0.2
243.9	29.3	0.5
101.9	12.1	-1.6
105.2	12.4	-1.4
108.5	12.6	-1.1
112.5	12.9	-1.4
121.2	13.5	-2.5
123.2	13.7	-0.4
128.8	14.2	-1.7
136.4	14.7	-0.5
141.5	15.1	-0.7
146.5	15.5	-0.8
156.8	16.2	-0.4
163.6	16.7	-1.2
168.7	17.1	-0.7
174.8	17.6	-0.5
181.8	18.1	-0.7
195.9	19.2	-0.4
202.2	19.6	0.4
229.1	21.7	0.4
240.1	22.5	0.1
251.1	23.3	0.1
110.4	10.2	-0.9
115.1	10.4	-1.9
117.7	10.5	-0.7
122.6	10.8	-1.5
130.9	11.2	-1.3
139.3	11.6	-0.6
144.4	11.8	-0.8
155.4	12.3	-1.2
159.7	12.5	-0.3
171.7	13.1	-0.3
177.8	13.4	-0.1
185.7	13.8	-0.7
191.1	14.1	0.3
199.9	14.5	-0.2
207.1	14.8	0.2
215.2	15.1	0.5
225.1	15.6	0.2
235.1	16.1	0.2
245.2	16.6	0.5
101.7	7.7	-0.9
105.7	7.7	-1.4
112.3	7.9	-0.7
124.5	8.1	-1.1
132.8	8.3	-0.8
141.3	8.4	-0.1
147.1	8.5	-0.8
151.4	8.6	-0.1
157.4	8.7	-0.4
163.4	8.8	-0.6
168.6	8.9	-0.1
176.3	9.1	-1.1
180.8	9.2	0.3
189.5	9.3	-0.7
194.9	9.4	0.5
202.9	9.7	0.4
211.1	9.8	0.6
231.8	10.2	-0.4
103.4	5.5	-0.8
106.6	5.4	-0.5
111.3	5.3	-1.7
113.9	5.3	-0.5
119.4	5.3	-2.1
122.2	5.3	-0.8
126.3	5.2	-0.7
130.4	5.2	-0.6
139.6	5.1	-0.6
166.1	4.9	-0.4
171.3	4.8	0.1
178.2	4.8	-0.1
184.4	4.7	0.2
192.3	4.7	-0.1
199.4	4.6	0.1
206.6	4.5	0.7
215.6	4.5	0.5
223.7	4.5	1.1
235.5	4.3	0.2
245.5	4.3	0.5
101.8	3.1	-0.9
105.8	2.9	-1.4
108.4	2.8	-0.4
114.9	2.6	0.4
120.4	2.3	-1.1
123.1	2.3	0.2
133.6	1.9	-1.5
137.1	1.7	-0.5
142.9	1.5	-1.3
146.4	1.3	-0.1
151.5	1.2	-0.1
162.6	0.8	-0.1
168.7	0.5	-0.1
181.7	0.1	-0.2
202.1	-0.6	0.9
229.9	-1.7	0.4
103.3	0.5	-0.8
106.7	0.4	-0.5
109.9	0.1	-0.2
114.6	-0.1	-1.2
117.9	-0.3	-0.7
122.1	-0.6	-0.8
126.2	-0.8	-0.7
130.3	-1.1	-0.6
144.5	-2.1	-0.8
148.1	-2.3	0.4
159.9	-3.1	-0.3
165.1	-3.4	0.1
177.2	-4.3	0.3
184.2	-4.8	0.2
190.4	-5.1	0.8
198.3	-5.6	0.6
205.5	-6.1	1.2
213.6	-6.7	1.4
222.5	-7.3	1.5
244.3	-8.7	0.9
104.9	-1.8	-0.7
108.9	-2.2	-1.1
119.5	-3.3	-0.4
123.6	-3.7	-0.4
132.6	-4.5	-0.8
136.9	-4.9	-0.5
146.1	-5.8	-0.1
150.4	-6.2	0.4
162.2	-7.4	-0.1
166.6	-7.7	0.9
187.4	-9.8	0.3
200.7	-11.1	1.4
215.9	-12.5	2.4
228.4	-13.7	0.8
236.6	-14.5	1.8
248.4	-15.7	1.4
103.1	-4.1	-0.8
105.6	-4.4	0.1
113.5	-5.5	-0.5
117.6	-5.9	-0.7
121.6	-6.5	-0.8
130.5	-7.5	-1.3
143.2	-9.2	-0.1
147.5	-9.7	0.4
165.2	-11.9	-0.4
169.6	-12.5	0.7
177.3	-13.4	-0.1
182.6	-14.1	0.8
190.4	-15.1	0.3
196.6	-15.8	1.1
203.7	-16.7	1.6
241.4	-21.5	1.7
252.4	-22.9	1.9
106.8	-7.3	0.3
112.1	-8.1	-1.4
119.4	-9.3	-1.1
122.1	-9.7	0.2
126.8	-10.5	-0.4
131.7	-11.2	-0.8
140.9	-12.6	-0.7
144.4	-13.2	0.4
165.4	-16.5	0.9
178.4	-18.5	0.8
185.3	-19.6	0.8
199.3	-21.8	1.4
207.2	-23.1	1.5
216.2	-24.5	1.5
224.2	-25.7	2.1
234.9	-27.4	1.8
104.8	-9.6	0.1
119.9	-12.4	-0.1
124.7	-13.4	-0.7
132.9	-14.9	-0.4
136.3	-15.5	0.5
146.2	-17.4	0.4
151.2	-18.3	0.5
157.1	-19.4	0.2
162.2	-20.3	0.6
174.2	-22.6	0.9
187.9	-25.3	0.8
209.9	-29.3	1.9
219.6	-31.2	1.5
228.5	-32.8	1.9
238.4	-34.7	2.1
250.1	-36.9	1.9
106.5	-12.5	-0.4
113.6	-14.1	-0.3
118.4	-15.1	-1.1
121.7	-15.9	-0.4
129.8	-17.6	-0.2
134.6	-18.7	-0.5
138.8	-19.6	-0.1
142.9	-20.6	0.4
147.9	-21.6	0.4
152.9	-22.7	0.6
164.6	-25.3	0.4
170.6	-26.6	0.5
175.7	-27.8	1.3
183.4	-29.4	0.8
197.2	-32.4	1.4
213.1	-35.9	1.9
221.8	-37.9	2.1
232.5	-40.2	1.8
242.4	-42.4	2.2
107.5	-15.5	-0.2
111.4	-16.4	-0.5
119.3	-18.5	-0.8
122.5	-19.3	-0.1
130.6	-21.3	0.2
134.8	-22.4	0.5
139.6	-23.5	0.4
154.4	-27.3	0.8
172.9	-31.9	0.3
184.9	-34.9	1.3
192.5	-36.9	1.1
198.7	-38.4	2.1
207.4	-40.5	1.9
225.8	-45.2	1.9
235.5	-47.6	2.1
245.3	-50.1	2.7
108.9	-18.6	-0.7
111.5	-19.3	0.4
115.4	-20.4	0.2
119.4	-21.6	0.2
123.3	-22.7	0.2
128.8	-24.3	-0.8
135.4	-26.1	1.1
141.1	-27.7	0.4
161.6	-33.5	0.9
173.3	-36.9	1.3
194.5	-42.9	1.4
200.6	-44.6	2.4
218.8	-49.7	2.1
228.4	-52.5	2.2
238.1	-55.2	2.6
109.8	-21.7	-0.5
120.8	-25.2	-0.1
129.4	-27.9	-0.4
146.4	-33.3	1.1
152.1	-35.1	0.8
162.8	-38.5	1.2
170.3	-40.9	0.3
174.4	-42.1	1.8
182.7	-44.8	0.8
187.9	-46.5	2.1
196.4	-49.1	1.6
203.2	-51.3	2.4
222.1	-57.2	1.9
241.4	-63.3	2.7
110.4	-24.8	-0.3
114.2	-26.2	-0.4
117.4	-27.3	0.2
121.9	-28.9	-0.4
125.8	-30.3	-0.2
129.1	-31.3	0.7
133.1	-32.7	1.1
137.2	-34.2	1.6
147.4	-37.7	1.2
158.8	-41.8	0.9
163.7	-43.4	1.6
170.3	-45.8	1.3
176.1	-47.8	1.8
190.3	-52.8	1.8
197.1	-55.1	2.4
205.6	-58.1	2.4
224.4	-64.6	2.2
243.5	-71.2	3.3
110.2	-27.8	0.6
115.3	-29.7	-0.8
117.1	-30.5	1.2
126.3	-33.9	0.2
130.2	-35.5	0.5
134.9	-37.3	0.4
143.6	-40.6	1.1
147.7	-42.1	1.9
154.8	-44.8	0.6
159.7	-46.8	1.2
171.1	-51.1	1.8
176.8	-53.3	2.4
184.3	-56.2	2.1
190.9	-58.7	2.6
198.4	-61.6	2.8
206.9	-64.8	2.9
226.4	-72.2	2.6
118.1	-34.1	0.9
122.7	-35.9	0.4
126.4	-37.6	0.7
130.4	-39.2	1.1
135.7	-41.4	0.4
144.5	-45.1	1.2
148.4	-46.7	2.1
160.3	-51.7	1.6
165.9	-54.1	1.9
178.1	-59.1	2.5
185.5	-62.2	2.3
192.1	-64.9	2.9
200.4	-68.4	2.8
209.5	-72.2	2.6
228.9	-80.3	2.6
237.3	-83.8	3.7
115.8	-36.5	-0.1
122.7	-39.6	0.8
127.3	-41.6	0.5
139.6	-47.3	1.7
149.7	-51.8	1.8
155.2	-54.3	1.8
166.3	-59.3	2.3
173.5	-62.6	1.9
179.2	-65.1	2.6
186.5	-68.4	2.6
193.8	-71.7	2.8
201.2	-75.1	3.3
211.9	-79.9	2.3
219.4	-83.2	3.4
229.4	-87.8	3.5
115.8	-39.8	0.2
119.6	-41.7	0.4
123.3	-43.5	0.7
127.8	-45.7	0.5
135.5	-49.4	1.6
140.1	-51.7	1.8
151.6	-57.3	0.9
154.8	-58.9	2.7
162.6	-62.7	1.3
166.6	-64.6	2.8
173.6	-68.1	2.5
180.8	-71.6	2.3
187.2	-74.7	2.9
202.6	-82.2	3.4
213.2	-87.4	2.6
221.4	-91.4	3.4
232.2	-96.6	3.3
115.8	-43.2	0.6
120.8	-45.9	-0.4
123.2	-47.1	1.2
128.4	-49.7	0.4
136.6	-54.1	1.1
141.2	-56.5	1.4
151.8	-62.1	1.2
155.8	-64.2	2.5
161.9	-67.4	2.3
174.4	-73.9	2.6
181.4	-77.6	2.6
188.6	-81.4	2.8
196.5	-85.6	2.9
204.6	-89.8	3.2
223.2	-99.5	3.5
124.3	-51.6	0.5
131.7	-55.7	1.6
136.1	-58.2	1.8
141.4	-61.1	1.5
146.6	-64.1	1.5
151.1	-66.6	2.1
168.7	-76.5	2.5
174.9	-79.9	2.8
182.7	-84.3	2.4
189.7	-88.2	2.8
196.7	-92.2	3.4
225.5	-108.3	3.3
234.3	-113.3	4.3
124.5	-55.6	0.4
132.5	-60.4	1.1
142.1	-66.1	1.2
145.8	-68.3	2.3
156.9	-75.1	2.3
163.7	-79.2	1.9
169.8	-82.8	2.1
175.2	-85.9	3.1
182.8	-90.6	2.8
189.8	-94.8	3.3
199.1	-100.3	2.8
216.3	-110.7	3.5
227.4	-117.3	3.2
113.1	-52.4	-0.2
116.1	-54.3	0.7
119.6	-56.6	1.1
124.5	-59.8	0.4
127.5	-61.6	1.6
133.1	-65.2	0.6
136.1	-67.2	2.1
142.6	-71.3	0.9
146.2	-73.6	2.1
152.1	-77.3	1.9
157.3	-80.7	2.3
163.2	-84.5	2.5
170.7	-89.2	1.8
183.5	-97.5	2.8
190.3	-101.9	3.4
209.5	-114.2	2.6
228.2	-126.1	3.6
108.7	-52.8	0.6
124.6	-63.6	0.4
127.6	-65.6	1.7
136.7	-71.8	1.8
141.7	-75.2	1.8
151.2	-81.5	2.8
158.4	-86.5	1.9
162.8	-89.4	3.1
170.2	-94.3	2.6
176.1	-98.4	3.3
183.5	-103.4	3.3
192.5	-109.5	2.8
200.1	-114.6	3.4
102.2	-51.5	0.2
106.1	-54.3	-0.4
108.9	-56.3	0.4
112.3	-58.7	0.7
116.4	-61.6	0.5
128.1	-70.1	1.2
137.2	-76.6	1.5
141.5	-79.6	2.1
147.8	-84.1	1.3
151.5	-86.7	2.8
157.9	-91.3	2.5
164.4	-95.9	2.3
170.2	-100.1	2.9
177.5	-105.3	2.8
193.7	-116.9	2.6
210.9	-129.1	3.3
219.9	-135.6	3.9
230.4	-143.1	4.2
99.5	-52.8	-0.8
101.6	-54.3	0.5
104.9	-56.9	0.6
109.5	-60.3	-0.4
111.7	-61.8	1.2
116.2	-65.3	0.4
127.8	-74.1	1.4
136.8	-80.8	1.8
147.3	-88.6	1.8
152.2	-92.4	2.4
158.5	-97.2	2.1
163.5	-100.9	3.1
170.6	-106.3	2.8
177.8	-111.8	2.9
201.1	-129.2	3.9
230.7	-151.5	4.9
92.6	-50.6	-0.3
95.3	-52.6	0.2
101.7	-57.7	0.2
104.9	-60.4	0.4
111.5	-65.5	1.1
116.1	-69.2	0.4
127.4	-78.3	1.5
146.5	-93.3	2.3
152.1	-97.7	2.5
157.6	-102.2	2.8
164.6	-107.7	2.4
170.3	-112.1	3.3
202.3	-137.6	3.7
222.7	-153.8	3.9
95.2	-55.8	-0.1
102.2	-61.5	-0.6
104.9	-63.8	0.2
108.1	-66.5	0.5
111.9	-69.7	0.4
119.1	-75.7	1.1
123.6	-79.6	0.8
128.3	-83.4	0.6
131.6	-86.2	1.8
152.5	-103.6	2.1
157.9	-108.2	2.6
164.7	-113.9	2.4
170.4	-118.6	3.3
179.4	-126.1	2.3
203.3	-146.1	3.6
223.3	-162.8	4.2
86.9	-51.8	-1.4
88.4	-53.1	0.4
90.9	-55.4	0.9
97.1	-60.7	0.9
101.3	-64.4	-0.2
107.6	-70.1	0.5
111.4	-73.4	0.4
119.1	-80.1	0.6
127.5	-87.5	0.9
136.6	-95.6	1.3
140.7	-99.1	2.3
145.9	-103.7	2.5
157.3	-113.8	2.9
164.6	-120.3	2.4
187.1	-140.1	2.6
194.8	-146.7	3.3
204.5	-155.3	3.2
213.6	-163.3	3.9
224.8	-173.2	3.9
235.3	-182.5	4.8
82.4	-50.8	0.4
86.3	-54.5	-1.2
90.7	-58.5	0.5
93.7	-61.4	0.5
96.8	-64.2	0.6
100.3	-67.5	0.2
102.9	-69.8	1.2
107.1	-73.8	0.4
110.9	-77.2	0.4
118.4	-84.2	0.8
122.2	-87.7	1.2
126.6	-91.8	1.2
135.6	-100.1	1.8
141.4	-105.4	1.3
145.9	-109.8	2.1
151.1	-114.5	2.6
163.7	-126.2	2.9
171.7	-133.5	2.3
187.1	-147.9	2.7
194.5	-154.7	3.6
204.7	-164.2	3.3
213.6	-172.5	4.2
225.3	-183.2	4.1
237.1	-194.1	4.6
77.6	-49.1	-0.7
79.9	-51.4	-0.4
85.1	-56.5	-0.3
87.5	-58.8	0.2
96.4	-67.4	0.4
99.4	-70.3	0.7
106.7	-77.3	0.4
110.3	-80.9	0.4
113.9	-84.5	0.6
118.2	-88.6	0.4
130.7	-100.8	1.3
135.1	-105.1	1.8
145.2	-114.9	2.3
152.3	-121.8	1.5
156.7	-126.2	2.8
163.9	-133.1	2.6
171.7	-140.7	2.2
186.9	-155.5	2.9
195.5	-163.8	3.2
205.5	-173.5	3.2
215.5	-183.4	3.6
239.2	-206.4	4.3
76.4	-50.8	0.1
79.2	-53.7	-0.2
88.2	-62.9	-1.5
89.6	-64.3	0.5
95.9	-70.7	0.2
98.9	-73.7	0.5
102.9	-77.9	-0.1
113.1	-88.3	0.8
117.8	-93.2	0.1
125.8	-101.3	0.9
130.1	-105.7	1.3
134.4	-110.1	1.9
163.9	-140.1	2.3
178.6	-155.2	2.7
187.6	-164.4	2.4
195.4	-172.4	3.3
206.5	-183.7	2.8
217.1	-194.4	3.1
240.3	-218.1	4.4
73.9	-51.2	-0.7
76.1	-53.6	-0.4
78.9	-56.6	-0.7
92.4	-71.1	-0.2
94.7	-73.5	0.7
98.1	-77.3	0.5
102.1	-81.5	-0.1
108.5	-88.4	0.6
112.6	-92.7	0.4
116.8	-97.2	0.4
124.5	-105.4	1.3
129.8	-111.2	0.8
149.9	-132.7	2.4
163.5	-147.3	2.2
171.1	-155.3	2.2
177.9	-162.8	2.9
187.4	-172.9	2.4
195.7	-181.7	3.2
205.9	-192.7	3.2
217.4	-205.1	3.2
227.8	-216.2	4.3
73.2	-53.5	-0.5
75.9	-56.4	-0.9
80.8	-61.9	-0.7
86.2	-68.1	-0.7
91.2	-73.7	0.2
97.4	-80.7	0.4
100.7	-84.4	0.4
104.1	-88.2	0.5
107.6	-92.1	0.8
112.1	-97.2	0.1
120.2	-106.3	0.3
123.1	-109.6	1.8
133.1	-120.8	1.6
137.8	-126.1	2.1
143.8	-132.8	1.9
163.1	-154.4	2.1
177.8	-171.1	2.8
187.7	-182.1	2.2
205.7	-202.4	3.5
217.6	-215.8	3.3
229.6	-229.2	3.8
242.3	-243.5	4.6
68.1	-50.7	-0.9
70.6	-53.7	-1.4
72.3	-55.7	-0.4
75.4	-59.3	-1.4
76.6	-60.8	0.4
80.6	-65.4	-1.8
82.3	-67.5	-0.4
87.7	-73.9	-0.2
93.6	-80.9	-0.1
96.4	-84.1	0.4
110.2	-100.5	0.9
114.8	-105.7	0.5
118.7	-110.4	0.8
122.6	-115.1	1.3
132.4	-126.6	1.4
137.6	-132.7	1.5
142.9	-138.9	1.9
148.8	-145.8	2.1
156.3	-154.8	1.3
162.3	-161.8	2.2
179.1	-181.5	1.7
196.5	-202.2	2.6
205.7	-212.9	3.5
217.9	-227.4	3.3
230.3	-241.9	3.8
244.5	-258.7	4.1
64.8	-49.8	-0.2
67.8	-53.4	-1.5
69.8	-55.9	-1.3
71.9	-58.5	-0.9
76.5	-64.2	-0.7
79.6	-67.9	-1.5
84.3	-73.8	-0.6
86.9	-77.1	-0.4
89.1	-79.8	0.5
92.8	-84.3	-0.1
95.5	-87.7	0.4
98.6	-91.6	0.5
101.9	-95.6	0.8
106.3	-100.9	0.1
113.3	-109.8	0.9
117.7	-115.1	0.8
122.1	-120.7	0.8
126.6	-126.1	1.1
131.1	-131.7	1.6
136.7	-138.6	1.4
142.4	-145.7	1.5
148.1	-152.7	1.9
161.9	-169.9	1.9
168.9	-178.4	2.4
186.5	-200.2	2.4
195.9	-211.8	2.8
218.6	-239.8	3.2
68.8	-58.1	-1.1
70.8	-60.7	-0.7
75.3	-66.6	-0.4
77.9	-69.8	-0.4
80.4	-73.1	-0.4
88.6	-83.7	-0.1
92.1	-88.4	-0.8
104.2	-104.1	0.9
108.5	-109.5	0.5
112.2	-114.4	0.8
120.3	-124.9	1.5
125.1	-131.1	1.4
134.4	-143.2	2.4
142.2	-153.2	0.8
147.2	-159.8	1.8
154.5	-169.1	1.4
161.3	-177.9	1.7
169.2	-188.1	1.7
177.1	-198.6	2.1
194.9	-221.6	3.2
218.7	-252.4	3.2
59.2	-48.7	-0.3
63.8	-54.9	-1.5
67.7	-60.2	-0.9
70.1	-63.5	-1.2
72.5	-66.7	-1.4
74.5	-69.4	-0.8
76.9	-72.7	-0.7
79.5	-76.1	-0.6
81.5	-78.8	0.2
84.9	-83.5	-0.6
87.4	-86.9	-0.1
96.5	-99.4	0.2
103.1	-108.4	0.7
110.9	-118.9	0.8
115.6	-125.3	0.3
119.3	-130.3	1.1
146.5	-167.4	1.3
153.1	-176.4	1.5
167.9	-196.5	1.8
176.2	-207.8	2.1
183.4	-217.6	3.5
194.1	-232.1	3.3
205.4	-247.4	3.5
56.9	-48.6	-1.1
58.3	-50.7	-0.3
60.5	-53.9	-0.9
62.4	-56.6	-0.7
64.2	-59.3	-0.4
67.3	-63.7	-2.2
68.5	-65.2	-0.3
71.6	-69.8	-1.8
72.7	-71.3	0.2
77.5	-78.2	0.4
83.6	-86.9	-0.7
85.6	-89.8	0.4
94.9	-103.1	0.4
109.3	-123.8	0.8
117.9	-136.2	0.9
127.2	-149.4	1.5
132.8	-157.6	1.2
138.6	-165.8	1.3
144.4	-174.1	1.8
150.7	-183.1	2.1
158.2	-193.8	2.1
165.5	-204.4	2.4
174.7	-217.5	2.2
182.2	-228.4	3.5
193.1	-243.9	3.3
217.1	-278.3	3.8
231.4	-298.8	4.1
57.1	-52.7	-0.2
61.1	-58.6	-0.5
62.9	-61.4	-0.2
64.7	-64.2	0.1
70.7	-73.2	1.2
81.7	-89.7	-0.1
89.6	-101.9	0.8
93.4	-107.6	0.1
96.3	-111.9	0.7
107.8	-129.4	0.3
111.8	-135.4	0.6
115.8	-141.3	1.2
125.2	-155.6	1.5
137.7	-174.5	0.5
142.3	-181.5	1.9
157.2	-203.9	1.5
164.4	-214.7	2.1
172.7	-227.4	2.5
181.1	-239.9	3.3
191.5	-255.8	3.5
216.3	-293.3	3.9
231.7	-316.5	3.8
51.4	-47.7	-1.8
52.8	-49.8	-1.1
55.9	-54.8	-0.1
63.6	-67.1	-0.3
82.6	-97.5	-0.1
85.8	-102.5	-0.4
88.6	-106.8	-0.1
91.3	-111.3	0.4
95.4	-117.8	-0.5
97.4	-120.9	1.3
105.7	-134.3	0.5
109.5	-140.4	0.9
117.6	-153.3	1.9
129.2	-171.7	0.9
134.5	-180.3	1.4
140.4	-189.6	1.7
147.3	-200.6	1.7
154.3	-211.7	2.1
161.7	-223.6	2.6
180.2	-253.2	2.7
190.4	-269.4	3.2
216.4	-310.8	3.3
51.3	-51.2	-0.3
55.2	-57.9	-1.5
56.6	-60.2	-0.5
57.9	-62.4	0.4
86.9	-111.2	-0.4
93.1	-121.7	-0.1
99.8	-133.1	0.3
107.5	-146.1	0.7
112.1	-153.8	0.5
116.2	-160.9	1.1
121.8	-170.1	0.6
126.9	-178.8	0.9
132.6	-188.3	1.1
138.7	-198.7	1.3
144.9	-209.1	1.8
168.8	-249.5	2.4
188.3	-282.2	3.5
201.9	-305.4	2.8
215.2	-327.8	3.3
47.2	-48.1	-1.1
48.8	-50.9	-1.1
51.6	-55.9	-0.1
90.2	-124.8	0.8
94.1	-131.6	0.3
105.4	-151.8	0.6
109.8	-159.6	0.5
114.2	-167.6	0.8
119.7	-177.1	0.5
130.4	-196.3	0.9
136.8	-207.6	0.9
142.7	-218.3	1.7
150.5	-232.1	1.5
157.4	-244.4	2.5
167.2	-261.8	2.1
187.8	-298.5	2.7
213.7	-344.7	3.5
50.5	-58.4	-0.8
95.5	-143.2	0.1
100.5	-152.7	-1.1
103.5	-158.3	0.1
107.7	-166.2	0.2
112.4	-175.1	0.2
117.6	-184.8	0.1
122.3	-193.8	0.7
128.4	-205.2	0.5
134.5	-216.7	0.7
140.6	-228.3	1.4
147.7	-241.6	1.8
156.1	-257.5	1.8
175.8	-294.5	1.8
97.7	-157.5	-0.7
105.7	-173.7	-0.4
109.8	-181.9	0.1
114.8	-191.7	0.1
120.2	-202.5	0.2
125.2	-212.5	0.9
131.8	-225.8	0.7
137.7	-237.6	1.5
145.7	-253.6	1.2
153.4	-268.9	1.8
162.3	-286.8	2.1
184.2	-330.5	2.3
197.2	-356.4	2.5
94.3	-161.5	0.1
98.1	-169.7	0.2
102.7	-179.6	-0.2
107.5	-189.5	-0.3
111.8	-198.7	0.3
117.7	-211.2	-0.2
122.5	-221.4	0.7
128.9	-234.9	0.7
134.9	-247.7	1.5
141.7	-262.2	2.1
150.6	-281.1	1.7
160.4	-301.9	1.5
170.7	-323.5	1.7
181.8	-347.1	2.3
92.3	-168.8	-0.7
100.4	-187.1	-0.7
104.5	-196.3	-0.2
114.3	-218.4	0.2
119.7	-230.4	0.7
125.7	-244.1	0.9
131.8	-257.8	1.5
139.1	-274.3	1.8
157.3	-315.4	1.6
179.3	-364.7	2.3
193.1	-395.8	2.4
89.3	-174.4	-0.6
92.9	-182.8	-0.2
97.1	-192.9	-0.3
100.6	-201.4	0.7
105.9	-214.3	0.1
115.7	-237.5	1.4
122.1	-253.1	1.1
135.3	-284.6	2.3
144.5	-306.7	1.8
164.1	-353.7	2.3
s
s
s
s
s
s
s
s
s
s
s
s
s
s
s
s
s
s
s
s
s
s
s
s
s
s
s
s
s
s
s
s
s
s
s
s
s
s
s
s
s
s
s
s
s
s
s
s
s
s
s
s
s
s
s
s
s
s
s
s
s
s
s
s
s
s
s
s
s
s
s
s
s
s
s
s
s
s
s
s
s
s
s
s
s
s
s
s
s
s
s
-37.3	-151.4	0.9
-39.9	-159.2	0.9
-41.5	-163.8	0.4
-42.9	-167.8	0.7
-44.3	-171.8	1.1
-49.2	-186.1	1.2
-50.5	-190.3	2.1
-52.7	-196.8	1.5
-54.3	-201.7	2.1
-56.3	-207.5	2.4
-58.9	-214.9	1.8
-60.8	-220.8	2.5
-63.4	-228.3	2.3
-68.8	-244.4	2.4
-74.9	-262.4	2.6
-78.5	-272.9	2.6
-81.7	-282.5	3.3
-85.9	-294.7	3.2
-89.4	-305.2	4.2
-94.5	-320.4	3.9
-99.3	-334.6	4.5
-104.5	-349.8	5.2
-110.6	-367.8	5.6
-117.7	-388.6	5.8
-125.7	-412.2	5.9
-134.3	-437.7	6.4
-34.2	-131.8	0.5
-35.4	-134.8	0.6
-36.8	-138.6	0.1
-43.7	-156.8	-0.1
-44.5	-159.3	1.3
-49.3	-171.7	1.6
-56.8	-191.7	1.8
-58.9	-197.3	1.8
-61.3	-203.7	1.4
-63.5	-209.5	1.8
-66.4	-216.9	1.3
-68.2	-221.9	2.6
-71.4	-230.2	2.1
-74.2	-237.7	2.4
-76.8	-244.5	3.3
-80.9	-255.5	2.3
-91.9	-284.6	3.6
-96.8	-297.7	3.3
-101.4	-309.9	3.8
-118.4	-354.9	5.3
-125.5	-373.6	5.7
-142.1	-417.6	6.8
-38.2	-132.8	-0.1
-39.2	-135.1	0.7
-43.5	-145.5	0.4
-45.1	-149.2	0.2
-46.1	-151.6	1.5
-48.3	-156.8	0.2
-49.3	-159.2	1.7
-51.5	-164.6	0.7
-53.1	-168.4	1.1
-54.8	-172.4	1.6
-58.7	-181.7	1.8
-65.6	-198.4	1.6
-68.2	-204.8	1.3
-75.7	-222.7	2.8
-78.9	-230.1	2.9
-82.3	-238.4	2.8
-98.1	-276.3	3.3
-102.7	-287.4	3.6
-107.4	-298.5	4.2
-113.5	-313.2	3.9
-118.5	-325.3	5.1
-125.8	-342.8	4.9
-132.8	-359.4	5.6
-141.2	-379.7	5.8
-150.8	-402.7	5.9
-160.8	-426.7	6.7
-41.7	-132.2	0.6
-43.4	-135.8	0.1
-45.1	-139.4	-0.2
-46.5	-142.4	0.1
-47.9	-145.4	0.6
-49.8	-149.7	-0.1
-51.2	-152.9	0.5
-54.8	-160.4	0.8
-56.4	-164.2	1.2
-64.6	-181.9	1.9
-67.1	-187.4	1.8
-69.5	-192.9	1.8
-71.7	-197.6	2.5
-74.7	-203.9	2.3
-77.2	-209.5	2.9
-80.9	-217.6	2.1
-83.8	-224.1	2.6
-86.9	-230.6	3.3
-90.6	-238.7	3.3
-94.8	-247.7	3.2
-103.4	-266.9	3.5
-108.5	-277.7	3.6
-113.9	-289.6	3.7
-119.3	-301.4	4.2
-125.5	-315.1	4.5
-131.8	-328.8	5.2
-139.7	-346.1	5.3
-168.4	-408.6	6.3
-45.6	-132.2	0.7
-47.7	-136.3	-0.4
-48.9	-138.6	0.6
-52.2	-145.3	0.9
-53.9	-148.9	0.8
-56.1	-153.2	0.2
-61.7	-164.4	1.1
-68.2	-177.4	1.8
-75.9	-192.7	2.1
-78.6	-198.1	2.4
-81.8	-204.5	2.3
-84.9	-210.8	2.5
-87.7	-216.3	3.3
-91.7	-224.2	2.9
-95.3	-231.4	3.3
-103.8	-248.5	3.5
-113.6	-268.2	3.7
-119.5	-279.7	3.6
-124.8	-290.5	4.2
-131.1	-303.1	4.6
-137.8	-316.5	5.1
-145.4	-331.7	5.5
-153.9	-348.6	5.9
-164.2	-369.2	5.8
-186.6	-413.9	6.9
-49.3	-131.3	1.6
-51.7	-136.1	-0.2
-54.9	-141.9	0.6
-56.9	-145.5	0.5
-58.8	-149.1	0.5
-60.8	-152.7	0.6
-62.4	-155.7	1.5
-65.2	-160.7	0.5
-66.8	-163.8	1.6
-69.2	-168.2	1.6
-72.1	-173.4	1.1
-74.2	-177.2	1.9
-77.3	-183.1	1.2
-85.7	-198.5	2.3
-88.6	-203.9	2.9
-92.4	-210.8	2.6
-96.2	-217.9	2.6
-100.5	-225.7	2.4
-109.1	-241.5	2.8
-118.7	-259.2	3.5
-124.4	-269.7	3.6
-136.9	-292.6	4.2
-143.2	-304.2	5.1
-151.7	-319.9	4.9
-159.9	-334.9	5.6
-180.3	-372.6	6.3
-192.3	-394.6	6.8
-57.6	-138.5	0.4
-59.3	-141.3	0.9
-61.7	-145.5	0.2
-63.4	-148.4	0.9
-65.9	-152.6	0.4
-70.6	-160.6	0.5
-72.3	-163.5	1.6
-74.9	-167.9	1.6
-77.5	-172.3	1.8
-80.6	-177.4	1.5
-86.2	-187.1	2.1
s
s
s
s
s
s
s
s
s
s
s
s
s
s
s
s
s
s
s
s
s
s
s
s
s
-5.2	-343.4	4.1
-5.4	-358.5	4.9
-5.8	-375.6	5.6
-6.4	-418.5	6.3
-4.4	-130.1	0.4
s
s
s
s
s
s
s
s
s
s
s
s
s
-5.2	-343.4	4.1
-5.4	-358.5	4.9
-5.8	-375.6	5.6
-6.4	-418.5	6.3
-4.4	-130.1	0.4
s
-54.7	-248.7	2.4
-57.2	-258.3	2.1
-59.8	-267.9	2.2
-62.6	-278.6	2.2
-65.4	-289.3	2.5
-71.7	-313.5	3.2
-74.9	-325.2	4.3
-79.1	-341.7	4.2
-83.5	-358.1	4.6
-88.1	-375.5	5.3
-94.2	-398.7	4.9
-106.7	-446.1	6.4
-114.4	-475.1	7.2
-27.1	-131.6	-0.3
-29.2	-138.4	-0.8
-29.8	-140.2	0.8
-31.8	-147.1	0.8
-34.4	-155.6	-0.1
-35.3	-158.9	0.5
-36.5	-162.9	0.6
-37.5	-166.1	1.5
-39.1	-171.6	0.5
-41.6	-179.7	1.6
-43.1	-184.6	1.7
-44.5	-189.5	1.9
-48.2	-201.7	1.2
-51.6	-212.7	2.3
-53.5	-219.4	2.4
-58.1	-234.7	2.1
-60.5	-242.4	2.4
-66.2	-261.5	1.9
-68.9	-270.2	2.6
-71.7	-279.8	3.1
-75.4	-292.2	2.8
-78.9	-303.8	3.3
-82.6	-316.3	3.8
-86.7	-329.7	4.5
-102.3	-381.4	5.7
-109.4	-405.3	5.5
-116.4	-428.3	6.3
-124.8	-456.1	6.8
-30.8	-132.1	-0.3
-31.6	-134.5	0.5
-33.1	-138.8	-0.7
-33.9	-141.3	0.3
-34.9	-144.4	0.6
-36.5	-148.9	-0.3
s
s
s
-32.6	-417.1	6.3
-37.5	-472.8	6.8
-10.6	-130.2	-0.3
-11.4	-135.9	0.4
-12.1	-142.3	0.7
-21.2	-216.4	1.9
-23.9	-239.1	1.4
-24.9	-247.1	1.5
-25.9	-255.1	1.9
-27.2	-265.9	1.2
-29.6	-285.8	1.8
-32.2	-306.9	3.2
-33.9	-320.8	3.2
-35.6	-334.8	3.6
-37.5	-350.6	3.8
-39.3	-365.6	4.9
-41.7	-384.5	5.3
-44.4	-407.2	5.2
-47.1	-429.2	6.2
-50.6	-457.8	6.2
-13.8	-130.7	0.4
-14.4	-133.8	0.4
-14.8	-136.3	1.2
-15.3	-140.2	0.6
-15.8	-143.4	0.8
-16.6	-147.9	-0.2
-23.8	-194.2	1.9
-24.7	-200.1	1.8
-25.7	-206.1	1.8
-26.7	-212.9	1.4
-29.9	-232.9	2.1
-31.2	-241.7	1.6
-32.6	-250.5	1.4
-33.7	-257.7	2.4
-35.5	-269.4	1.5
-36.9	-277.5	2.6
-38.7	-289.2	2.3
-40.4	-300.2	2.8
-42.2	-312.1	3.3
-44.4	-325.9	3.5
-46.6	-339.8	4.1
-52.1	-374.4	4.7
-58.5	-415.9	5.7
-62.4	-440.6	6.3
-67.2	-471.1	6.3
-16.8	-129.8	2.7
-17.7	-134.2	1.2
-20.7	-149.7	-0.7
-21.1	-151.6	1.1
-21.7	-155.5	0.9
-25.8	-176.6	1.1
-28.7	-191.6	1.2
-29.5	-195.8	2.1
-31.1	-204.1	0.4
-31.8	-207.6	2.1
-33.2	-215.3	1.3
-34.3	-220.6	2.3
-37.3	-236.2	1.8
-40.4	-252.8	1.9
-42.2	-261.7	2.1
-46.1	-282.3	2.2
-55.5	-331.6	3.6
-58.2	-345.4	4.5
-61.7	-364.1	4.3
-64.9	-380.8	5.3
-69.3	-403.3	5.2
-73.8	-426.8	5.7
-78.5	-451.5	6.7
-84.7	-483.8	6.7
-23.1	-143.4	-0.5
-23.9	-146.6	-0.2
-24.8	-150.5	-0.5
-25.4	-153.1	0.6
-29.9	-173.2	1.2
-31.2	-178.8	0.4
-33.1	-187.2	1.7
-35.3	-197.3	2.3
-37.1	-204.8	1.2
-41.4	-223.5	1.9
-42.9	-230.4	2.1
-44.8	-238.2	2.1
-50.7	-264.6	2.3
-52.9	-274.4	2.6
-55.4	-285.1	2.7
-60.8	-308.5	3.3
-63.6	-321.3	3.8
-67.2	-336.9	3.8
-70.5	-351.5	4.6
-78.7	-387.7	5.7
-84.2	-411.9	5.5
-89.8	-436.3	6.1
-23.6	-130.9	-0.3
-24.2	-133.4	0.4
-25.3	-137.1	-0.1
-25.9	-139.6	0.7
-27.7	-146.6	0.6
-28.8	-150.5	0.4
-29.6	-153.7	0.9
-30.6	-157.6	0.8
-31.7	-161.6	0.9
-32.6	-164.9	1.7
-34.9	-173.8	1.7
-36.6	-180.2	0.4
-37.5	-183.5	1.6
-38.5	-187.7	2.4
-40.3	-194.2	1.5
-43.4	-205.9	1.6
-46.5	-217.7	2.3
-50.3	-232.3	2.3
-52.8	-241.7	1.5
s
-24.7	-327.4	3.8
-26.2	-344.2	3.5
-27.5	-358.3	4.6
s
s
s
s
-12.2	-277.3	1.3
-12.7	-286.4	2.2
-13.2	-297.4	2.5
-13.8	-308.5	3.2
-14.5	-321.5	3.5
-15.2	-335.5	3.9
-16.1	-351.5	4.2
-19.1	-408.5	5.5
-20.3	-430.5	6.4
-21.8	-458.4	6.7
-23.2	-488.4	7.4
-7.7	-132.1	-0.3
-8.2	-137.8	0.5
-16.8	-235.4	1.6
-17.4	-243.3	1.6
-18.2	-252.3	1.4
-19.8	-270.4	1.9
-20.6	-280.4	2.1
-21.5	-289.5	3.1
-22.5	-301.5	3.2
-23.6	-314.4	3.3
s
-11.5	-265.5	2.1
s
s
-11.1	-256.4	1.9
s
s
-5.2	-343.4	4.1
-5.4	-358.5	4.9
-5.8	-375.6	5.6
-6.4	-418.5	6.3
-4.4	-130.1	0.4
s
s
-4.7	-315.3	3.3
-4.9	-328.4	3.8
s
-3.4	-251.3	2.4
-4.2	-292.2	2.3
-4.4	-301.4	3.6
s
